====Quick Sort====
6.656891
8.015087
8.132239
227.581299
132.995334
4.810090
137.726119
4.858635
163.482225
296.972935
4.750924
4.657543
172.617184
4.895151
148.146000
4.735975
4.654326
4.744551
159.217742
185.802282
4.732445
4.654806
92.320259
320.301283
340.556192
106.380548
255.868562
4.930841
184.917468
4.688761
97.010933
4.748996
121.609577
231.888649
174.955099
128.566745
247.762990
4.706721
192.741924
4.779457
115.497789
161.886205
4.734929
146.255867
4.851286
142.246871
4.723368
4.652159
324.036278
219.985094
165.512984
4.631950
4.879087
73.603210
216.167768
4.872649
166.870202
4.866169
4.787585
168.658446
339.053025
106.084739
4.714912
4.601654
130.561078
4.804835
150.788318
4.643354
4.824355
216.827271
94.747233
4.699655
338.580567
4.891710
4.774587
4.636134
84.767486
304.653468
164.858761
4.831155
4.711982
169.572480
310.292682
4.626042
4.766860
208.395777
4.820868
4.753061
4.901971
4.891606
4.737237
301.972463
4.799563
176.971003
4.735629
4.724509
315.499399
153.807452
203.998680
100.327618
====Insertion Sort====
89.929590
90.091501
88.897400
89.056235
88.912753
88.803625
90.078945
89.374845
87.300726
89.202220
89.444071
90.450557
89.711058
90.264704
90.080612
89.014428
88.836116
88.622423
88.956154
87.806208
89.190015
90.293463
88.793340
89.358436
88.911559
88.810994
89.754056
89.177144
88.977012
89.385136
89.984790
90.265662
90.463583
89.757311
90.212597
89.444253
88.385097
88.668840
89.023769
87.906974
88.283451
90.532928
89.100896
89.613054
86.288177
89.487774
87.828647
89.086939
88.330590
88.880443
87.587016
89.017206
89.318010
89.718614
89.180670
88.994762
87.155412
89.159615
88.427493
88.430026
89.667991
88.580728
88.064980
88.117815
90.591687
89.658274
88.580454
90.269184
88.629809
89.786291
89.262677
90.242272
89.649561
88.310305
89.099401
88.773976
89.402349
91.074246
87.341734
90.064130
89.005434
88.775833
88.348368
88.409864
89.265925
87.793650
89.257923
88.926844
88.797454
86.598208
88.951902
88.997092
88.904212
88.654590
89.029350
88.509097
89.548131
88.959979
90.092983
89.030641
====Radix Sort====
2.118343
2.094695
2.094840
2.093214
2.082565
2.087073
2.092475
2.091881
1.996138
2.095002
2.094011
2.095973
1.964907
2.094681
2.091220
2.096127
2.094458
2.093702
1.986611
2.095878
2.096100
2.092536
2.095418
2.067539
2.097882
2.094423
2.095813
2.095183
2.095173
2.096778
2.100415
2.093118
2.115261
2.093366
2.096200
2.094100
2.095764
2.092206
2.095186
1.961131
2.092880
2.093069
2.096567
2.094203
2.094585
2.096431
2.079050
2.093054
2.093083
1.962329
1.996546
2.096309
2.092139
2.094699
2.096286
1.959463
2.025197
1.963372
2.093740
2.093816
2.119012
2.093789
1.963476
2.093960
1.963012
2.094015
1.961077
1.963279
1.962631
2.093139
2.095181
2.091693
2.092500
2.096328
2.119193
1.960009
1.963659
1.962824
2.094413
1.959827
2.094644
2.094481
1.953466
1.963807
2.092724
2.104994
2.000964
2.118192
2.120727
2.095382
2.096703
2.095414
2.092230
2.093432
1.963757
1.963165
2.094471
2.094149
1.987337
2.093059
====Merge Sort====
18.529415
11.513642
11.544939
11.512879
11.492719
11.524761
11.520632
11.485895
11.561611
11.546153
11.506417
11.511921
11.563727
11.542265
11.519283
11.506099
11.500734
11.494692
11.536200
11.543876
11.483898
11.518281
11.533214
11.548429
11.483054
11.509220
11.472086
11.520490
11.495926
11.487620
11.496798
11.498295
11.500362
11.530930
11.505302
11.518693
11.563675
11.494550
11.485571
11.523444
11.501718
11.530745
11.490227
11.504207
11.535839
11.514237
11.491982
11.539412
11.511022
11.523249
11.545011
11.539963
11.500156
11.500435
11.486644
11.537576
11.494889
11.502570
11.531340
11.516306
11.498746
11.543104
11.536206
11.476755
11.563868
11.491631
11.493653
11.513795
11.514635
11.498087
11.534535
11.546790
11.507570
11.501636
11.493649
11.593678
11.542328
11.487573
11.516737
11.468907
11.542871
11.477256
11.481619
11.546440
11.495540
11.505561
11.519058
11.521701
11.522960
11.517679
11.501260
11.497876
11.549851
11.525827
11.566669
11.503452
11.502587
11.544169
11.511471
11.489537
====Bubble Sort====
280.210573
280.915616
279.329669
280.542038
281.753921
281.478113
281.653012
282.985040
283.538342
282.708419
281.658130
284.820250
280.515889
282.865904
277.444279
279.576483
278.294086
283.202156
282.282635
281.714489
280.995548
283.010000
281.339331
282.013431
280.849358
280.402134
281.051379
282.692330
281.565686
283.575922
281.416128
281.095907
283.597262
282.602456
283.797758
280.062753
283.642957
281.088149
279.442181
282.425450
282.293978
284.197075
279.154121
280.348370
279.058417
280.444936
281.068387
281.823745
282.258041
281.915038
283.471291
278.442566
282.403888
279.939097
283.238696
279.272730
281.203537
282.207573
283.502006
278.996327
282.300336
281.719773
281.617845
282.669501
281.361622
280.503863
281.701109
280.251273
278.141956
282.427105
279.766185
282.086453
283.368096
279.966889
279.102587
280.648323
281.631008
282.622345
281.356756
282.799602
281.451220
281.489882
280.264603
277.492793
279.476820
280.158302
282.323902
280.175350
281.010964
281.191500
284.611734
281.856232
280.737679
280.103418
283.637139
280.466522
279.574616
283.195690
280.721642
281.384852
