====Quick Sort====
2.649503
2.652360
2.647881
11.713428
9.354097
2.620524
9.408018
2.648579
10.106231
13.974745
2.656546
2.615715
10.399319
2.617929
9.729836
2.638537
2.620039
2.608950
10.203197
10.745036
2.616744
2.603119
8.337882
13.953313
14.364061
8.659749
12.583595
2.838814
10.771818
2.617533
8.433410
2.604848
9.039989
11.797672
10.887211
9.161969
12.141377
2.621419
10.749871
2.610742
8.902182
10.100696
2.651297
9.654592
2.646258
9.573542
2.610222
2.630902
13.998400
11.532063
10.205768
2.632540
2.637976
7.848572
11.451107
2.640854
10.122178
2.619462
2.609705
10.357739
14.413503
8.640530
2.621674
2.590407
9.242654
2.616349
9.777079
2.608884
2.612497
11.424774
8.416842
2.586490
14.339851
2.679499
2.664492
2.608944
8.144595
13.460313
10.110561
2.623697
2.640665
10.220030
14.337003
2.704793
2.623666
11.189512
2.624978
2.656609
2.636465
2.614307
2.616623
14.188057
2.598254
10.453202
2.616804
2.642397
13.804178
9.835027
11.103731
8.494702
====Insertion Sort====
2.547651
2.567909
2.537442
2.537770
2.528880
2.559177
2.552042
2.541031
2.488870
2.543582
2.554838
2.582195
2.557318
2.576117
2.570582
2.539335
2.536591
2.554098
2.537883
2.517836
2.543872
2.589822
2.535875
2.548792
2.537949
2.536285
2.559474
2.543263
2.538411
2.550256
2.588623
2.572699
2.579766
2.562762
2.575605
2.548673
2.523146
2.530214
2.545504
2.510828
2.519935
2.570000
2.550952
2.578028
2.463698
2.551962
2.505862
2.543590
2.519816
2.537704
2.498290
2.538557
2.548586
2.557539
2.541734
2.563867
2.484907
2.544799
2.524161
2.522412
2.560088
2.526884
2.513639
2.517326
2.581754
2.559980
2.529411
2.597399
2.530642
2.561214
2.498377
2.576437
2.552943
2.517568
2.543603
2.521887
2.552736
2.552417
2.491566
2.569762
2.560884
2.531353
2.522723
2.521287
2.545072
2.507945
2.530824
2.530034
2.528367
2.432920
2.539233
2.538785
2.559960
2.530819
2.539202
2.527393
2.551161
2.533539
2.569726
2.539605
====Radix Sort====
0.204185
0.187030
0.186013
0.189590
0.185509
0.185777
0.185584
0.185306
0.186402
0.185772
0.188724
0.185595
0.185568
0.185815
0.188359
0.185839
0.185797
0.188318
0.185269
0.186036
0.186049
0.188362
0.185263
0.185834
0.185564
0.186025
0.185952
0.185685
0.187825
0.185742
0.186137
0.186115
0.186065
0.185613
0.185722
0.188451
0.185937
0.185786
0.186274
0.188981
0.186018
0.186195
0.186017
0.185820
0.186041
0.185753
0.189138
0.185856
0.185747
0.185823
0.186361
0.186132
0.185329
0.189401
0.186050
0.185534
0.186106
0.185544
0.186181
0.185722
0.188723
0.185761
0.185979
0.185429
0.188671
0.185960
0.185565
0.185643
0.186253
0.186066
0.185763
0.188538
0.186035
0.186433
0.185936
0.186443
0.185592
0.185766
0.188566
0.185650
0.185960
0.185883
0.185519
0.186102
0.185872
0.188116
0.186071
0.185690
0.186359
0.188169
0.186227
0.185379
0.186015
0.186064
0.185927
0.185847
0.190397
0.185942
0.186173
0.186032
====Merge Sort====
11.704234
4.591551
4.523149
4.500746
4.524190
4.494842
4.516768
4.518507
4.491991
4.517070
4.492358
4.490274
4.517252
4.501535
4.517204
4.515635
4.513966
4.493878
4.501035
4.519697
4.513503
4.492314
4.502769
4.495384
4.524977
4.506292
4.687348
4.555373
4.518088
4.490925
4.570258
4.497336
4.478206
4.490961
4.519211
4.502453
4.523059
4.492868
4.502665
5.150176
4.715895
4.520292
4.497209
4.509973
4.530108
4.518049
4.518681
4.480439
4.493634
4.494546
4.494128
4.493862
4.503569
4.510321
4.519039
4.513982
4.496597
4.493959
5.698146
4.499189
4.543968
4.508378
4.505201
4.533728
4.543098
4.525785
4.508957
4.499993
4.535341
4.491296
4.495327
4.493132
4.497116
4.495051
4.493718
4.519662
4.490081
4.493194
4.494056
4.496591
4.493454
4.493798
4.519419
4.489985
4.491215
4.494165
4.533748
4.504335
4.492913
4.615979
4.785796
4.536800
4.539099
4.512070
4.494912
4.489963
4.517386
4.491932
4.495995
4.493146
====Bubble Sort====
41.878518
40.449189
40.503620
40.506760
41.046719
46.619010
40.504421
41.408349
41.301110
41.096572
40.734893
41.300417
40.456217
42.753903
43.306980
39.985176
40.594555
41.049869
41.562637
40.705313
41.384165
44.460137
41.172836
41.029969
44.485556
41.974157
41.259585
41.181162
43.703361
41.059572
40.709420
46.859045
41.242552
40.776931
44.974803
40.892082
41.548565
40.552356
45.952699
40.903299
41.504049
41.087858
41.273824
40.465459
42.886266
40.436714
40.865814
42.997708
43.290865
41.006299
48.029382
40.335967
41.646927
40.917672
45.370408
42.090791
40.835044
40.963787
41.144136
40.150947
41.676801
40.629671
42.807900
42.461341
41.392092
41.100519
40.605341
44.758507
45.844827
41.005337
40.653869
41.816164
40.844913
40.747636
41.142875
46.173719
40.809552
41.064080
40.515227
41.211698
41.030086
40.827429
42.913641
41.207113
42.756090
41.446199
41.084732
42.564546
40.581273
41.271725
41.379197
42.042361
42.896276
41.135853
41.580243
40.373534
40.976784
41.118954
40.413856
42.091061
