====Quick Sort====
0.29593599999999997685
0.34969600000000000684
0.30233599999999999364
9.3473279999999991929
5.1240959999999997621
0.28288000000000002032
5.3432320000000004256
0.28467199999999998061
6.2743039999999998813
11.590400000000000702
0.28467199999999998061
0.28134399999999998299
6.5625600000000003931
0.28595199999999998397
5.6263680000000002579
0.27904000000000001025
0.32179200000000002246
0.3624959999999999849
6.7658240000000002823
7.0602239999999998332
0.28262399999999998634
0.27801599999999998536
3.5002879999999998439
12.168447999999999709
12.720128000000000767
4.0204800000000000537
9.6478719999999995593
0.28262399999999998634
6.9928960000000000008
0.27904000000000001025
3.7237759999999999749
0.29465599999999997349
4.625664000000000442
8.8258559999999999235
6.5904639999999998778
4.8440320000000003375
9.3143039999999999168
0.28646399999999999642
7.2514560000000001239
0.28339199999999997726
4.3673599999999996868
6.1928960000000001784
0.28902400000000000313
5.5554560000000003939
0.29055999999999998495
5.4005760000000000431
0.28185599999999999543
0.28134399999999998299
12.262912000000000035
8.3005440000000003664
6.3004160000000002384
0.28416000000000002368
0.28032000000000001361
2.8336640000000001827
8.2040319999999997691
0.28825600000000001222
6.3319039999999997548
0.28774399999999999977
0.27980800000000000116
6.4253439999999999444
12.792576000000000391
4.0281599999999997408
0.27904000000000001025
0.28032000000000001361
4.9569279999999995567
0.28364800000000001123
5.749503999999999948
0.27929599999999998872
0.28134399999999998299
8.2693119999999993297
3.6282879999999999576
0.28236800000000000788
12.774143999999999721
0.28236800000000000788
0.28646399999999999642
0.27417599999999997529
3.2660480000000000622
11.402495999999999299
6.2740479999999996252
0.276735999999999982
0.28057599999999999207
6.4486400000000001498
11.659264000000000294
0.27776000000000000689
0.28160000000000001696
7.8725120000000003984
0.28492800000000001459
0.28108800000000000452
0.29081600000000001893
0.28236800000000000788
0.28236800000000000788
11.354623999999999384
0.28364800000000001123
6.795264000000000415
0.28876800000000002466
0.2839039999999999897
11.929855999999999128
5.8603519999999997836
7.7475839999999998042
3.830271999999999899
====Insertion Sort====
3.4112000000000000099
3.2742399999999998172
3.2087040000000000006
3.1997439999999999216
3.2314880000000001381
3.1923200000000000465
3.2202239999999999753
3.2130559999999999121
3.1349759999999999849
3.2092160000000000686
3.2563200000000001033
3.2514560000000001239
3.4798079999999997902
3.3006079999999999863
3.2427519999999998568
3.2023039999999998173
3.2360959999999998615
3.1887360000000000149
3.2002559999999999896
3.2079360000000001207
3.2071679999999997968
3.249407999999999852
3.2294399999999998663
3.2371199999999999974
3.2353279999999999816
3.2256000000000000227
3.2279040000000001065
3.2046079999999999011
3.2327680000000000859
3.2151040000000001839
3.2314880000000001381
3.2686079999999999579
3.2517119999999999358
3.2276479999999998505
3.3018879999999999342
3.213823999999999792
3.179008000000000056
3.2176640000000000796
3.2007680000000000575
3.1615999999999999659
3.2148479999999999279
3.2355839999999997936
3.1843840000000001034
3.2399360000000001492
3.1267839999999997858
3.2171520000000000117
3.1907839999999998426
3.205375999999999781
3.1759360000000000923
3.2197119999999999074
3.2422399999999997888
3.6062720000000001441
3.3919999999999999041
3.2581120000000001191
3.2419839999999999769
3.2337920000000002219
3.1759360000000000923
3.2048640000000001571
3.2168960000000001997
3.1797759999999999359
3.2238080000000000069
3.2391679999999998252
3.1682559999999999611
3.169792000000000165
3.2890880000000000116
3.223295999999999939
3.1846399999999999153
3.2821760000000002044
3.1907839999999998426
3.2256000000000000227
3.241728000000000165
3.2673280000000000101
3.2189440000000000275
3.2002559999999999896
3.2030720000000001413
3.1797759999999999359
3.2453120000000001966
3.2163840000000001318
3.1421440000000000481
3.2596479999999998789
3.2414719999999999089
3.2148479999999999279
3.2089599999999998126
3.1836159999999997794
3.2422399999999997888
3.1841279999999998473
3.1918079999999999785
3.1861760000000001192
3.2181760000000001476
3.1142400000000001192
3.1971840000000000259
3.2471040000000002124
3.1956479999999998221
3.1897600000000001508
3.2312319999999998821
3.1833599999999999675
3.2207360000000000433
3.1935999999999999943
3.2468479999999999563
3.2028159999999998853
====Radix Sort====
0.4830720000000000014
0.48563200000000000811
0.48051199999999999468
0.47795199999999998797
0.48639999999999999902
0.78361599999999997923
0.47923199999999999132
0.50585599999999997234
0.47641600000000000614
0.50560000000000004938
0.4759039999999999937
0.47871999999999997888
0.48127999999999998559
0.47846400000000000041
0.48255999999999998895
0.47667199999999998461
0.48230400000000001048
0.48383999999999999231
0.47718399999999999705
0.4830720000000000014
0.48537599999999997413
0.48255999999999998895
0.54732800000000003671
0.47846400000000000041
0.48332799999999997986
0.47795199999999998797
0.48179199999999999804
0.47718399999999999705
0.66815999999999997616
0.51430399999999998339
0.50764799999999998814
0.47897600000000001286
0.48179199999999999804
0.47923199999999999132
0.48358400000000001384
0.47923199999999999132
0.4794880000000000253
0.48460799999999998322
0.50560000000000004938
0.48281600000000002293
0.47641600000000000614
0.47743999999999997552
0.4830720000000000014
0.47820800000000002195
0.4830720000000000014
0.47718399999999999705
0.52377600000000001934
0.48460799999999998322
0.47667199999999998461
0.48332799999999997986
0.47692800000000001859
0.48358400000000001384
0.68172800000000000065
0.51635200000000003318
0.52095999999999997865
0.53196799999999999642
0.51532800000000000828
0.50304000000000004267
0.47616000000000002768
0.47641600000000000614
0.54246399999999994623
0.49075200000000002154
0.48383999999999999231
0.47743999999999997552
0.47743999999999997552
0.48281600000000002293
0.4776960000000000095
0.4830720000000000014
0.48025600000000001621
0.48102400000000000713
0.48870400000000002727
0.48281600000000002293
0.53964800000000001656
0.47795199999999998797
0.48230400000000001048
0.77695999999999998398
0.48076799999999997315
0.49024000000000000909
0.48332799999999997986
0.47616000000000002768
0.48153600000000001957
0.47718399999999999705
0.48383999999999999231
0.47743999999999997552
0.47871999999999997888
0.48358400000000001384
0.47692800000000001859
0.48665599999999997749
0.48179199999999999804
0.53094399999999997153
0.48460799999999998322
0.47795199999999998797
0.48127999999999998559
0.47641600000000000614
0.4848640000000000172
0.47743999999999997552
0.47743999999999997552
0.4848640000000000172
0.83635199999999998433
0.48127999999999998559
====Merge Sort====
0.56473600000000001575
0.47846400000000000041
0.47667199999999998461
0.47743999999999997552
0.47513600000000000279
0.5132799999999999585
0.47897600000000001286
0.47743999999999997552
0.48127999999999998559
0.47308800000000000852
0.85375999999999996337
0.6259200000000000319
0.49100800000000000001
0.47129599999999999271
0.47718399999999999705
0.4723200000000000176
0.48793599999999998085
0.47257599999999999607
0.47564800000000001523
0.47897600000000001286
0.47718399999999999705
0.58111999999999996991
0.95974400000000004152
0.68966400000000005477
0.67379199999999994652
0.67456000000000004846
0.67174400000000000777
0.6768640000000000212
0.67660799999999998722
0.67558399999999996233
0.68096000000000000973
0.67071999999999998288
0.68556799999999995521
0.7160320000000000018
1.2075519999999999587
0.71219200000000004724
0.71731199999999994965
0.71040000000000003144
0.71935999999999999943
0.72089599999999998126
0.71142399999999994531
0.70911999999999997257
0.71116800000000002235
0.72038400000000002432
0.79871999999999998554
0.75801600000000002311
0.97279999999999999805
0.79615999999999997883
0.79488000000000003098
0.80076800000000003532
0.79744000000000003769
0.79692799999999996974
0.80051200000000000134
0.80691199999999996262
0.84582400000000002027
0.85964799999999996771
0.86246400000000000841
1.2833280000000000243
0.89856000000000002537
0.85785599999999995191
0.86041599999999995863
0.83276799999999995272
0.80537599999999998079
0.80230400000000001715
0.80332800000000004204
0.79948799999999997645
0.78694399999999997686
0.75033600000000000296
0.75929599999999997095
0.91955200000000003602
0.77107199999999997964
0.75392000000000003457
0.75468800000000002548
0.75238400000000005274
0.79052800000000000846
0.75392000000000003457
0.75238400000000005274
0.7641599999999999504
0.7027200000000000113
0.70809599999999994768
0.71347199999999999509
1.0232319999999999194
0.67251199999999999868
0.68710400000000004805
0.67993599999999998484
0.68249599999999999156
0.67200000000000004174
0.67174400000000000777
0.67891199999999995995
0.6768640000000000212
0.68428800000000000736
0.6804480000000000528
0.76006399999999996187
0.65510400000000001963
0.63769600000000004059
0.7160320000000000018
0.71449600000000001998
0.71628800000000003578
0.7160320000000000018
0.70886400000000004962
====Bubble Sort====
40.413696000000001618
28.167680000000000717
22.909696000000000282
23.003903999999998575
23.00185600000000008
23.10988800000000154
22.758911999999998699
22.715648000000001616
23.132159999999998945
22.824448000000000292
23.087360000000000326
24.010752000000000095
23.292671999999999599
23.165952000000000766
23.020800000000001262
22.768640000000001322
23.075839999999999463
23.103999999999999204
22.827519999999999811
23.267327999999999122
23.00313600000000136
22.881536000000000541
23.081472000000001543
23.047423999999999467
23.164927999999999741
22.89331200000000166
22.902015999999999707
23.047423999999999467
23.259903999999998803
23.312895999999998509
23.079167999999999239
22.986495999999998929
22.722304000000001167
22.837247999999998882
23.750143999999998812
23.183872000000000924
22.949376000000000886
23.185919999999999419
23.152384000000001407
23.554303999999998354
22.853888000000001313
23.323136000000001644
22.924544000000000921
23.258368000000000819
23.161599999999999966
23.08838400000000135
23.029503999999999309
23.135487999999998721
22.997759999999999536
22.955263999999999669
22.629376000000000602
23.182079999999999131
22.64166399999999868
23.281151999999998736
23.045888000000001483
23.072511999999999688
22.622208000000000538
23.025151999999998509
22.531583999999998724
23.398911999999999267
22.712319999999998288
23.068415999999999144
22.998272000000000048
23.417087999999999681
23.302143999999998414
23.182079999999999131
23.172352000000000061
23.235839999999999606
23.144448000000000576
22.774015999999999593
23.165183999999999997
23.005440000000000111
22.840831999999998914
23.048192000000000235
23.297280000000000655
22.989823999999998705
23.313151999999998765
22.813952000000000453
22.757632000000000971
22.859007999999999328
22.824192000000000036
22.831872000000000611
23.144960000000001088
23.212800000000001432
23.062528000000000361
23.007743999999998863
22.653952000000000311
23.129343999999999681
23.05587200000000081
23.262464000000001363
22.856704000000000576
23.029503999999999309
22.643200000000000216
23.169280000000000541
23.172864000000000573
22.870784000000000447
22.998272000000000048
23.222015999999999991
23.30803200000000075
23.446528000000000702
