====Quick Sort====
4.235981000000038
80.31531600000017
3.8033580000001166
64.07904600000006
19.017217999999957
0.7987090000001444
16.370593999999983
0.7152929999999742
19.30342100000007
34.89925100000005
0.7082150000001093
0.7040260000001126
13.65666299999998
0.4162509999998747
8.400293000000147
0.37671399999999267
0.3606090000000677
0.3676459999999224
8.988988000000063
10.494879000000083
0.3710190000001603
0.3638579999999365
5.212458999999853
18.11559699999998
18.853644999999915
6.010879000000159
14.288389000000052
0.37449400000014066
10.326143000000002
0.36545299999988856
5.578330999999935
0.3770600000000286
6.843838999999889
12.97120300000006
9.76364199999989
7.1816680000001725
13.825333
0.3747230000001309
10.799335999999812
0.372478000000001
9.431475999999975
0.3777519999998731
7.2029039999999895
8.404299000000037
0.37276199999996606
8.032330000000002
0.36434700000017983
0.36339600000019345
18.170161000000007
12.308766000000105
9.30856700000004
0.36394300000029034
0.37216699999999037
4.229393000000073
12.198937999999998
0.3737980000000789
9.342047000000093
0.37018699999998717
0.3724640000000363
9.568882999999914
18.901624999999967
5.971766000000116
0.3773679999999331
0.3701850000002196
7.397903999999926
0.37333200000011857
8.520380000000387
0.3684180000000197
0.3761819999999716
12.228024000000005
0.40769399999999223
18.895375000000058
5.383698999999979
0.37552800000003117
0.37349200000016936
0.3595150000001013
4.849541000000045
16.94336000000021
9.245918000000074
0.3650560000000951
0.36893800000007104
9.483068000000003
17.283038000000033
0.3593380000002071
0.3696060000002035
11.680108000000018
0.3688200000001416
0.37584700000024895
0.40391600000020844
0.38060300000006464
0.37136899999995876
16.827148999999736
0.3743850000000748
10.026756000000205
0.3770079999999325
0.36912100000017745
17.63943900000004
8.679638999999952
11.483736000000135
5.6731150000000525
====Insertion Sort====
7.232265999999981
4.534796999999799
4.40227700000014
4.399779000000308
4.378847999999834
4.398243000000093
4.415624000000207
4.43296700000019
4.302484999999706
4.40680999999995
4.416635000000042
4.4802609999997
4.496947999999975
4.440609000000222
4.479110999999648
4.393775000000005
4.383821999999782
4.377046000000064
4.3939839999998185
4.345452999999907
4.401386000000002
4.49038900000005
4.386810999999852
4.428605000000061
4.410554000000047
4.383303999999953
4.442333999999846
4.412808000000041
4.459674000000177
4.415227999999843
4.456365000000005
4.452424999999948
4.558647000000292
4.551175999999941
4.57277299999987
4.503998000000138
4.42064500000015
4.391277000000173
4.4099369999999
4.355829999999969
4.359211999999843
4.465024000000085
4.384500000000116
4.412395999999717
4.275965999999698
4.4158259999999245
4.349467000000004
4.412146000000121
4.390230999999858
4.90867500000013
4.455089999999927
4.518216999999822
4.525462000000061
4.442058000000088
4.422329999999874
4.4059040000001914
4.336573000000044
4.406038999999964
4.366417000000183
4.37840499999993
4.425535999999738
4.3879289999999855
4.351170999999795
4.391755999999987
4.467317000000094
4.438321999999971
4.371406000000206
4.459802000000309
4.377132999999958
4.440262000000075
4.425373000000036
4.4908150000001115
4.4182230000001255
4.3751509999997324
4.402556000000004
4.363528999999744
4.42556599999989
4.4499510000000555
4.327509000000191
4.4578230000001895
4.420654000000013
4.379817000000003
4.360467999999855
4.379885000000286
4.44181000000026
4.335079999999834
4.376952999999958
4.374963999999636
4.377669999999853
4.27341800000022
4.388781999999992
4.415595999999823
4.387673000000177
4.392542999999932
4.428278999999748
4.391709999999875
4.42722700000013
4.3861839999999575
4.4804800000001705
4.407208999999966
====Radix Sort====
24.2690190000003
1.1079079999999522
1.5779820000002474
2.712786999999935
1.6007300000001123
1.6648369999998067
0.7499829999997019
0.7171659999999065
0.5085149999999885
0.5165430000001834
0.517334000000119
0.5161760000000868
0.5612980000000789
0.7174989999998616
0.5358169999999518
0.5343709999997373
0.6769349999999577
0.5160670000000209
0.5277209999999286
0.5074520000002849
0.6459580000000642
0.5061740000001009
0.5147950000000492
0.5333169999998972
0.6581889999997657
0.5180380000001605
0.5272009999998772
0.5100159999997231
0.5238580000000184
0.6468829999998889
0.5657200000000557
0.5098090000001321
0.5155250000002525
0.6533630000003541
0.6399440000000141
0.5013639999997395
0.5091889999998784
0.5390810000003512
0.6395379999999022
0.5248719999999594
0.5183780000002116
0.5174440000000686
0.5223409999998694
0.6418659999999363
0.5661779999995815
0.5097610000002533
0.5137759999997797
0.6775330000000395
0.5170259999999871
0.5307710000001862
0.5200629999999364
0.5089849999999387
0.6419410000003154
0.5063100000002123
0.5095519999999851
0.5096080000002985
0.6386609999999564
0.5199670000001788
0.5188629999997829
0.5067269999999553
0.6400390000003426
0.5155890000000909
0.5630719999999201
0.5188069999999243
0.6398149999999987
0.5133739999996578
0.5175250000002052
0.5228860000001987
0.5061550000000352
0.6409399999997731
0.5065250000002379
0.5100419999998849
0.5073600000000624
0.6380360000002838
0.5084189999997761
0.5075520000000324
0.5216119999995499
0.5128829999998743
0.6377640000000611
0.5723870000001625
0.5120950000000448
0.5259909999999763
0.5184939999999187
0.6390320000000429
0.5148840000001655
0.5091170000000602
1.0184220000001005
0.5191469999999754
0.5215659999998934
0.5260199999997894
0.5569069999996827
0.6858919999999671
0.6961889999997766
0.6916259999998147
0.7079340000000229
0.5284990000000107
0.7726290000000517
0.5182700000000295
0.5165820000001986
0.5314459999999599
====Merge Sort====
3.6577909999996336
2.510913999999957
2.3086309999998775
2.9766120000003866
3.0337399999998524
1.8284960000000865
2.0202759999997397
1.781050999999934
1.9297459999997955
1.772367999999915
1.9296580000000176
1.7837549999999283
1.9182620000001407
1.7747489999997015
1.9274869999999282
1.7760320000002139
1.9139219999997295
1.7735790000001543
1.9609810000001744
1.779721999999765
1.9595110000000204
1.794557000000168
1.9194789999996829
1.7819329999997535
1.9064310000003388
1.9209070000001702
1.7742840000000797
1.9144940000001043
1.7769989999997051
1.917272000000139
1.7830510000003414
1.9191900000000714
1.7739639999999781
1.9011700000000928
1.977085999999872
1.9484219999999368
1.7670610000000124
1.9185189999998329
1.7663350000002538
1.9280589999998483
1.7884750000002896
1.9356699999998455
1.785844999999881
1.9089109999999891
1.7731490000001031
1.9598249999999098
1.9767369999999573
1.7695740000003752
1.9294490000002043
1.7799909999998818
1.9186689999996815
1.7688689999999951
1.9261850000002596
1.7726070000003347
1.9167210000000523
1.7827220000003763
1.9175279999999475
1.7722329999996873
1.916674999999941
1.7641899999998714
1.9059339999998883
1.778519999999844
1.911728999999923
1.7766030000002502
1.906510000000253
1.771230000000287
1.913575000000037
1.7768710000000283
1.7986259999997856
1.9114420000000791
1.8316869999998744
1.9144929999997657
1.7702610000001187
1.9165079999997943
1.7642379999997502
1.9116310000003978
1.762898999999834
1.9168230000000221
1.7845069999998486
1.912253999999848
1.7778159999998024
1.919945000000098
1.7748000000001412
1.970495000000028
1.8015129999998862
1.9860019999996439
1.772146000000248
1.9152239999998528
1.781496000000061
1.9105389999999716
1.9186240000003636
1.769311000000016
1.9018350000001192
1.7706869999997252
1.9085089999998672
1.8541969999996581
2.422672000000148
1.8775109999996857
1.9660030000000006
1.8856319999999869
====Bubble Sort====
45.06308899999976
40.435389000000214
39.79567300000008
39.7766959999999
39.82884700000022
39.99415799999997
40.05772500000012
40.086183999999776
40.218159000000014
40.14570400000002
40.06274600000006
40.378875000000335
39.758490000000165
40.31249200000002
40.39132900000004
39.57037799999989
39.90215500000022
40.183244999999715
40.10883299999978
40.07557600000018
40.05995600000006
40.33991999999989
40.170656000000236
40.062377999999626
39.891059999999925
39.81290199999967
39.67149100000006
40.205769000000146
40.32132199999978
40.45432400000027
39.69254000000001
39.66407900000013
40.09812099999999
40.39092500000061
40.57897000000048
39.894263999999566
40.27723100000003
40.01325900000029
40.01912900000025
40.70475400000032
39.96286400000008
40.725585999999566
39.818404000000555
40.20195899999999
40.48378799999955
39.81466200000068
40.19276400000035
40.21173499999986
40.30268700000033
39.72339500000089
39.91784499999994
40.08345300000019
39.8630919999996
40.09864500000003
40.46391399999993
40.02749500000027
39.95727800000077
40.10794299999998
40.178814999999304
40.51587000000018
40.24651900000026
40.517487000000074
40.04013500000019
40.353816000000734
40.475862000000234
40.073991000000206
40.12082199999986
40.35711999999967
39.89498100000037
40.25267299999996
40.161223000000064
40.532028999999966
40.36720500000047
40.81446499999947
39.870623999999225
40.25804700000026
40.36242599999969
40.228125999999975
40.03763400000025
40.68629899999996
40.334397000000536
40.25654899999972
40.11633399999937
39.81999099999939
40.080847000000176
39.964028000000326
40.143850000000384
40.043572000000495
40.172389000000294
40.351629999999204
40.23443000000043
40.54983799999991
40.185371999999916
40.559721000000536
40.49269900000036
40.188240999999834
40.981188999999176
40.280792000000474
40.81368899999961
39.92452099999991
