====Quick Sort====
4.882917
1.794436
1.975764
97.867602
40.112595
0.777008
48.61981
0.780269
49.37223
100.543015
0.688986
0.755756
51.975538
0.726519
43.248816
1.141758
0.821412
0.781156
48.006048
56.903743
0.698388
0.783468
25.752396
97.045443
103.718168
33.292028
76.87327
0.814065
55.354057
0.696185
27.6771
0.753168
36.48404
69.87932
50.955063
38.768375
73.298846
0.927947
58.029028
0.720701
32.817414
48.056427
0.740801
42.397887
0.74162
41.987596
0.738184
0.706162
97.704693
66.159164
49.658912
0.763729
0.723052
20.47513
65.948103
0.726789
49.58079
0.777334
0.727076
49.889775
101.936971
29.812366
0.747386
0.683379
38.160314
0.797347
44.119664
0.679689
0.801685
64.885549
26.650474
0.752221
103.365706
0.707856
0.73699
0.687413
23.700402
91.889125
48.991423
0.732545
0.733372
50.535111
92.577732
0.732251
0.725709
62.175696
0.79307
0.731064
0.728468
0.817852
0.738392
90.721206
0.721114
53.526936
0.699341
0.773529
97.620779
46.779119
61.038083
28.437463
====Insertion Sort====
44.056178
24.117512
7.283964
9.763647
7.28044
7.289558
8.095029
16.101648
7.236149
7.303779
7.743527
7.410681
7.379099
7.427793
8.199977
9.494352
11.186044
7.260179
7.2974
7.181308
9.72272
8.925016
9.473134
9.528045
7.500178
7.27788
8.625695
9.501776
7.414798
7.316995
7.974518
9.612274
7.693092
12.720217
9.618083
8.567925
9.422864
9.670144
9.21839
7.223244
7.2239
7.372721
7.456897
8.94828
7.780175
7.646968
9.567863
7.327237
7.57557
8.59299
9.390682
7.413424
7.357209
7.359458
8.338993
9.49762
9.363063
9.402706
9.449285
12.532848
9.295757
7.371689
7.217037
17.104712
7.425457
8.291738
9.446319
8.692162
7.26713
7.651578
9.516356
8.972986
9.730094
8.456044
9.226659
7.618406
14.029295
8.29816
8.420098
8.3046
9.492392
9.467884
8.513772
9.425046
9.50675
12.095463
7.271387
7.253205
7.262125
12.771712
7.278803
7.283552
7.275771
7.33422
8.523537
8.458406
7.34268
8.085054
12.762773
9.497548
====Radix Sort====
12.569944
15.379399
3.146295
3.235313
3.151682
3.118112
3.08931
3.199409
3.179319
3.139262
3.153919
3.846058
3.390392
2.744323
3.078394
2.9094
2.428153
2.545061
2.633463
2.454792
2.413766
2.479215
2.478912
2.513542
0.939402
0.848582
0.932873
0.884517
0.879354
1.693874
0.959928
1.028584
0.908404
0.857383
0.940413
0.811988
0.952399
0.81834
0.866135
0.795568
0.783105
0.834796
0.809504
0.731214
0.74525
0.754075
0.780913
0.833115
0.805045
0.790954
0.94555
0.789013
0.748531
0.73794
0.721102
1.016062
0.750254
0.750037
0.728413
0.724466
0.80894
0.815632
0.902748
0.771919
0.762079
0.847663
0.753706
0.755258
0.729881
0.826793
0.758332
0.740816
0.732901
0.772439
0.894577
0.756503
0.775823
0.742548
0.737396
0.910388
0.776129
0.746315
0.726449
0.723831
0.778427
0.758277
0.742328
0.733024
0.730129
0.750654
0.7423
0.741193
0.732437
0.854063
0.757169
0.744925
0.742034
0.728875
0.930183
0.751034
====Merge Sort====
10.58696
8.363773
7.561984
4.312296
4.303725
3.442024
1.536351
1.338979
1.247947
1.236987
1.339382
1.198324
1.200484
1.212025
1.296598
1.198404
1.200612
1.199572
1.203271
1.191166
1.197983
1.203865
1.208359
1.204504
1.194712
1.202083
1.198038
2.140075
1.308996
1.294798
1.24228
1.311473
1.191753
1.201122
1.206421
1.254003
1.192534
1.216539
1.19639
1.199372
1.182115
1.193253
1.201586
1.198747
1.227514
1.19752
1.197668
1.231839
1.267849
1.191342
1.194675
1.199337
1.327047
1.291639
1.198028
1.199097
1.200304
1.191199
1.202464
1.198483
1.589439
1.184261
1.191514
1.191992
1.208359
1.234905
1.192871
1.201865
1.203219
1.26358
1.19892
1.19409
1.201715
1.312637
1.199684
1.197661
1.203973
1.237098
1.187238
1.192944
1.192152
1.462553
1.194105
1.186799
1.229564
1.20331
1.248102
1.216786
1.205709
1.203623
1.29035
1.197834
1.195782
1.197912
1.299507
1.194167
1.197255
1.203632
1.203555
1.179614
====Bubble Sort====
93.873426
80.923403
77.407526
81.7766
77.713256
78.457554
78.397605
77.521603
79.372589
79.624854
93.075922
79.674001
80.208306
83.442605
78.260994
80.733663
78.647289
78.027946
78.583225
81.056944
77.684896
78.907335
78.5993
78.531843
77.99435
78.779707
79.839863
78.926667
78.236871
79.509639
82.111865
77.796684
81.296073
81.936127
80.336746
78.159117
80.370194
79.02735
77.49085
79.772253
79.660202
79.942988
78.038958
82.038445
78.540772
78.918366
78.908237
79.119106
77.968753
78.720797
79.592315
80.331005
78.252744
78.715828
79.942121
89.105812
78.383963
82.703415
79.433728
77.886516
79.074754
79.003943
77.847277
79.060406
78.995222
80.292299
77.766749
79.555225
78.812174
77.97021
79.861562
79.160223
80.012187
78.248539
78.409965
79.335145
77.647234
79.293194
78.535505
79.675838
78.680811
78.565071
79.630589
78.227301
78.047789
78.736836
78.915312
77.497678
79.160246
81.078583
78.800926
79.48913
78.72707
79.809991
78.374184
79.5282
142.295594
77.990302
78.465133
79.732197
