====Quick Sort====
4.840046
1.832327
1.96808
95.989169
39.426382
0.769773
47.864044
0.74462
49.036257
99.531864
0.694869
0.762068
50.588913
0.729705
42.538528
0.821915
0.923655
0.802632
47.158183
55.328281
0.699024
1.122099
25.595134
95.528346
104.540287
34.119855
76.008682
0.81464
54.481264
0.69768
27.531887
0.742027
46.561169
71.835117
50.587109
39.11937
72.478781
0.693894
56.55641
0.727539
32.279103
47.486139
0.749686
42.058912
0.748984
41.813333
0.741556
0.73691
97.002548
65.417157
47.563951
0.758805
0.729854
20.100921
65.714725
0.727138
48.992698
0.76164
0.718507
48.595119
100.922677
30.523575
0.744491
0.676019
37.144413
0.811814
44.710261
0.680998
0.806207
63.732537
27.159221
0.754211
100.180557
0.711171
0.724511
0.694705
23.446573
90.078719
48.512377
0.716873
0.737403
48.471409
92.096453
0.739271
0.737725
61.400366
0.788039
0.73531
0.727579
0.826611
0.727675
88.213037
0.72294
52.643408
0.708493
0.805432
93.467136
44.36664
60.872527
28.073553
====Insertion Sort====
47.137444
24.301604
7.295719
9.666676
7.928056
7.726021
8.522212
19.798788
7.180671
7.813892
7.327152
7.83418
8.04996
8.346125
7.748
9.470206
9.6683
8.068064
8.315549
7.755506
9.700204
7.395197
8.347566
8.63943
8.204004
9.476102
9.572317
9.07199
9.481583
9.541018
8.930947
7.399938
8.336466
12.732762
7.809586
7.772502
9.426212
9.654525
8.006741
9.379941
9.419567
8.625064
9.448185
9.535442
9.204839
8.957228
9.975111
8.247562
9.431182
8.224445
9.784578
8.215081
8.978154
8.398058
9.511589
9.500382
8.172051
7.695396
9.436834
11.47754
8.593586
9.453508
7.418316
12.128343
7.416366
8.223652
8.948454
7.913658
8.567477
7.358492
7.330774
7.392529
9.733027
7.627047
9.005204
7.271297
14.086082
7.331199
7.818319
9.605514
9.497889
9.326109
9.427485
9.430423
9.447467
10.157783
8.496211
9.464943
9.024649
17.406647
9.492028
8.191955
8.568547
9.458688
9.510965
7.617762
9.542631
9.481755
12.018018
7.578896
====Radix Sort====
12.064001
10.086975
3.237483
3.24989
3.229824
3.202291
3.169828
3.262999
3.269299
3.213426
3.195069
3.573268
3.294867
2.793695
2.75538
2.527046
2.458864
2.559029
2.447745
2.459655
2.422903
2.426697
2.482143
2.448177
2.456558
2.478312
2.594053
0.940265
0.867914
0.871723
0.869686
1.020062
0.872212
0.963348
0.864619
0.930101
0.997404
0.964711
0.813276
0.783222
0.771907
0.846897
0.757923
0.761385
0.748308
0.729994
0.757704
0.750202
0.739873
0.720968
0.850483
0.754226
0.747365
0.745072
0.735811
0.92641
0.752364
0.755086
0.732474
0.732132
0.8001
0.748219
0.743719
0.741495
0.740419
0.752764
0.811428
0.923775
0.767259
0.843382
0.747058
0.743898
0.729314
0.741067
0.894423
0.752048
0.744842
0.738393
0.847903
0.871655
0.75616
0.737935
0.726196
0.73067
0.777923
0.759219
0.743272
0.730852
0.729237
0.746931
0.742945
0.746154
0.732389
0.852168
0.765862
0.753629
0.739489
0.725641
0.88566
0.74676
====Merge Sort====
7.095067
4.170646
4.046993
4.060586
4.121194
4.152592
4.193505
4.077336
2.035109
1.367502
1.454639
1.29754
1.296806
2.57709
1.420662
1.264876
1.212347
1.211224
1.198762
1.18552
1.198094
1.191831
1.19703
1.211982
1.189095
1.198636
1.196985
1.25112
1.191714
1.200812
1.20092
1.293148
1.197457
1.198477
1.191317
1.289511
1.195486
1.189178
1.210808
1.199239
1.180865
1.194074
1.198872
1.195133
1.223407
1.184464
1.194678
1.199322
1.281856
1.188123
1.197519
1.202001
1.316825
1.18701
1.191328
1.194743
1.200661
1.181249
1.184048
1.191651
1.19434
1.191083
1.192871
1.195272
1.207448
1.232064
1.19018
1.197728
1.194864
1.252177
1.189636
1.196476
1.19961
1.328346
1.199355
1.193788
1.198957
1.212018
1.184284
1.192761
1.200502
1.203994
1.183658
1.183457
1.196925
1.200629
1.243747
1.191768
1.193509
1.194559
1.276182
1.186805
1.194362
1.197871
1.284942
1.18448
1.192561
1.198981
1.203061
1.181027
====Bubble Sort====
95.402612
83.701401
75.153828
80.60015
79.41052
79.910216
79.351092
79.286963
86.19785
78.258208
79.015311
79.508346
78.490529
80.680223
77.836867
79.433126
79.206087
78.320988
78.505152
78.307333
78.19755
79.313654
78.105017
81.072772
77.72273
78.344461
78.557104
78.888888
79.272048
78.046164
81.634061
79.158696
77.877933
83.14261
78.549642
79.525837
79.693842
78.248603
81.144705
78.658103
79.123016
79.746803
78.60851
83.887739
77.940113
78.656841
77.819856
78.628715
79.442751
77.427297
80.001114
80.622312
78.582328
79.273319
78.734856
82.274766
77.857088
79.77394
79.778466
78.22092
79.260135
78.0216
79.880806
79.324855
78.797266
79.565464
78.299069
79.901267
79.276876
78.33677
81.512469
78.24441
79.395409
79.574143
77.376023
79.401798
77.877631
79.101544
77.839735
79.195372
79.830694
77.930617
81.126197
77.633114
78.407206
79.088661
77.856562
78.501954
77.925022
78.786047
79.748581
81.634553
78.745652
77.548182
79.381229
78.986462
77.883151
81.947951
77.453384
78.966087
