====Quick Sort====
1.442
0.844
0.803
0.717
0.811
0.795
0.711
0.761
0.75
0.716
0.69
0.679
0.777
0.749
0.733
0.7
0.75
0.747
0.742
0.685
0.695
0.688
0.702
0.711
0.728
0.706
0.692
0.707
0.711
0.678
0.694
0.695
0.691
0.74
0.705
0.691
0.723
0.746
0.717
0.696
0.772
0.766
0.686
0.651
0.728
0.678
0.7
0.674
0.673
0.865
0.987
0.663
0.7
0.705
0.67
0.664
0.694
0.708
0.678
0.729
0.73400000000001
0.73699999999999
0.688
0.673
0.681
0.765
0.742
0.74
0.685
0.697
0.747
0.71
0.69500000000001
0.65900000000001
0.68299999999999
0.733
0.677
0.711
0.696
0.73300000000001
0.68600000000001
0.697
0.695
0.68799999999999
0.681
0.692
0.64800000000001
0.71400000000001
0.69999999999999
0.68499999999999
0.68799999999999
0.678
0.70500000000001
0.683
0.681
0.68799999999999
0.69899999999999
0.668
0.67200000000001
0.69
====Insertion Sort====
12.45
12.086
12.062
12.126
12.09
12.228
12.127
11.973
12.252
12.116
12.136
12.353
12.082
12.163
11.897
11.868
12.373
12.128
12.079
12.164
11.974
11.714
11.977
12.138
12.309
12.148
12.152
12.295
12.178
12.394
12.089
12.037
11.983
12.445
11.976
12.183
12.242
12.087
12.29
12.295
12.945
12.248
12.174
12.299
12.039
12.319
12.246
12.086
11.949
12.004
12.108
12.116
12.267
12.099
11.981
12.374
12.087
11.971
12.05
12.042
12.086
12.113
12.177
11.956
12.099
12.146
11.866
12.169
12.198
12.125
12.048
12.147
12.121
12.041
12.134
12.013
12.139
12.251
12.302
11.984
12.204
12.167
12.072
12.029
12.176
12.114
12.191
12.103
12.085
12.667
12.734
12.086
12.15
12.179
12.066
12.196
12.053
11.983
12.291
12.004
====Radix Sort====
0.59699999999996
0.50899999999987
0.50499999999998
0.42500000000012
0.3979999999999
0.40399999999985
0.44499999999981
0.39199999999995
0.39800000000012
0.44100000000014
0.39400000000001
0.41700000000011
0.4010000000001
0.42399999999998
0.40000000000018
0.40099999999987
0.39999999999996
0.39400000000001
0.39800000000012
0.39400000000001
0.42300000000006
0.39299999999987
0.41699999999989
0.39299999999987
0.39400000000001
0.42000000000009
0.39699999999998
0.42800000000009
0.39200000000017
0.40400000000007
0.39800000000012
0.39900000000004
0.39400000000001
0.39699999999998
0.41800000000003
0.39500000000015
0.39800000000012
0.3979999999999
0.39800000000012
0.39300000000009
0.3979999999999
0.41599999999997
0.39699999999998
0.39800000000012
0.39999999999996
0.39400000000001
0.39699999999998
0.39199999999995
0.41599999999997
0.39199999999995
0.39699999999998
0.39999999999996
0.39499999999992
0.39699999999998
0.39400000000001
0.421
0.39100000000003
0.40099999999987
0.39600000000006
0.39699999999998
0.39300000000009
0.39199999999995
0.42199999999992
0.39300000000009
0.40200000000001
0.39699999999998
0.39899999999982
0.39100000000003
0.39699999999998
0.41399999999991
0.39599999999984
0.4010000000001
0.39400000000001
0.39400000000001
0.39400000000001
0.3979999999999
0.41400000000014
0.39600000000006
0.40000000000018
0.4010000000001
0.39299999999987
0.42700000000018
0.39400000000001
0.41699999999989
0.39699999999998
0.39800000000012
0.39499999999992
0.39100000000003
0.39699999999998
0.40799999999996
0.40099999999987
0.39500000000015
0.40500000000021
0.39400000000001
0.40600000000013
0.39500000000015
0.42199999999992
0.39499999999992
0.39600000000006
0.39699999999998
====Merge Sort====
4.078
2.9330000000001
2.885
2.8540000000001
2.742
2.869
2.8520000000001
2.75
2.7980000000001
2.8819999999998
2.9429999999999
2.758
2.8709999999998
2.8300000000001
2.707
2.8790000000001
2.837
2.667
2.856
2.823
2.7360000000001
2.9090000000001
2.7710000000001
2.739
2.839
2.8430000000002
2.712
2.8599999999999
2.7329999999999
2.766
2.9049999999999
2.8860000000002
2.6950000000001
2.888
2.723
2.8810000000001
2.7139999999999
2.8809999999999
2.721
2.867
2.7440000000001
2.8680000000001
2.7429999999999
2.8650000000001
2.75
2.853
2.718
2.8549999999998
2.7309999999998
2.8699999999999
2.721
2.904
2.7349999999999
2.92
2.702
2.885
2.7520000000001
2.9189999999999
2.7090000000001
2.877
2.7000000000001
2.877
2.6959999999998
2.8759999999999
2.7140000000001
2.8570000000001
2.7109999999999
2.8849999999998
2.6949999999999
2.9109999999999
2.699
2.867
2.6980000000001
2.845
2.713
2.864
2.6900000000001
2.8649999999999
2.7249999999999
2.9079999999999
2.702
2.839
2.7059999999999
2.8750000000002
2.7059999999999
2.888
2.7300000000001
2.92
2.7060000000001
2.8809999999999
2.7009999999998
2.8869999999999
2.7759999999999
2.934
2.705
2.8620000000001
2.6919999999999
2.947
2.737
2.8629999999998
====Bubble Sort====
37.081
36.603
36.284
37.462
36.888
36.656
36.548
36.911
36.913
37.273
36.844
36.645
36.566
36.686
36.198
36.681
36.643
36.748
36.597
36.96
37.286
37.193
36.287
36.526
36.655
36.571
36.566
36.371
36.664
36.478
37.016
36.739
36.767
36.549
36.539
36.731
37.923
36.902
37.224
37.138
36.732
36.795
36.89
37.011
36.585
36.588
36.887
36.694
36.584
36.63
36.75
36.277
37.094
36.75
36.077
36.662
36.755
36.412
36.322
36.177
37.084
36.47
36.758
36.79
36.954000000001
37.037
37.287
37.173
36.979
37.754
36.587
36.983999999999
36.502
36.442999999999
36.794
36.678
36.75
36.727
36.522
36.386
36.621999999999
36.725000000001
36.815
36.738000000001
36.719
37.128
38.382
36.808
36.798
42.959000000001
36.986
36.449
36.453
37.058
36.65
36.307
37.041
36.808000000001
36.693
36.47
