====Quick Sort====
2.998
2.934
2.863
2.754
3.243
3.091
2.776
2.94
2.849
2.737
2.588
2.741
2.935
2.826
2.942
2.936
3.012
3.431
3.124
2.753
2.84
2.735
2.97
2.87
2.89
2.907
2.93
2.788
2.834
2.699
2.741
2.744
2.699
3.14
2.816
2.802
2.94
3.002
2.921
2.848
3.005
3.06
2.764
2.658
2.856
2.793
2.93
2.73
2.744
2.991
2.762
2.655
2.898
2.72
2.738
2.752
2.802
2.919
2.829
2.912
2.914
3.011
2.781
2.692
2.777
3.145
2.956
3.067
2.873
2.87
3.134
2.863
2.781
2.732
2.822
2.889
2.774
2.947
2.838
3.022
2.813
2.889
2.856
2.803
2.702
2.893
2.761
2.915
2.845
2.825
2.862
2.757
2.896
2.898
2.749
2.823
2.746
2.652
2.756
2.829
====Insertion Sort====
116.599
113.854
113.93
114.513
114.154
117.642
115.094
114.35
115.702
113.751
114.467
116.501
114.986
115.013
113.317
112.121
116.777
115.069
113.74
114.721
112.83
110.441
114.412
116.89
116.184
114.393
114.764
115.957
114.856
116.908
113.985
113.77
113.224
118.265
112.818
115.066
115.434
113.727
116.502
117.919
114.85
116.442
114.795
116.895
114.074
116.934
115.475
114.376
113.173
114.045
114.002
114.209
115.801
114.809
113.071
116.742
114.875
112.939
114.129
114.301
114.039
114.319
114.669
112.559
114.803
114.644
111.805
116.131
115.346
114.896
113.693
114.581
114.607
114.047
115.718
113.294
115.897
115.437
116.308
114.138
114.93
115.542
113.754
113.422
114.97
115.47
115.328
114.161
113.381
115.438
115.333
113.923
114.333
115.063
116.329
114.771
113.73
113.403
115.829
113.536
====Radix Sort====
3.8859999999996
3.7690000000001
3.7880000000001
3.7690000000001
3.7700000000012
3.7819999999993
3.7610000000008
3.9190000000016
3.762
3.7630000000011
3.7630000000011
3.7590000000005
3.7599999999998
3.7590000000005
3.7819999999993
3.755
3.7590000000005
3.7650000000014
3.7599999999998
3.7599999999998
3.7690000000001
3.7599999999998
3.8940000000007
4.1170000000008
3.7690000000001
4.1200000000003
3.7629999999993
3.7599999999998
3.7649999999996
3.7819999999993
3.7599999999998
3.7649999999996
3.7559999999992
3.7579999999995
3.7579999999995
3.781
3.7889999999994
3.779999999999
3.7540000000007
3.7579999999995
3.755
3.7559999999992
3.7570000000002
3.7559999999992
3.781
3.7559999999992
3.7539999999989
3.7559999999992
3.7570000000002
3.7840000000013
3.781
3.760999999999
3.7539999999989
3.7570000000002
3.7559999999992
3.7559999999992
3.7570000000002
3.7789999999998
3.7589999999987
3.756000000001
3.7529999999997
3.755
3.7580000000013
3.7529999999997
3.7589999999987
3.779999999999
3.7520000000004
3.7539999999989
3.7559999999992
3.755
3.7570000000002
3.755
3.7780000000005
3.755
3.7520000000004
3.755
3.7559999999992
3.7489999999991
4.9410000000005
3.7579999999995
3.7790000000015
3.7559999999992
3.7520000000004
3.755
3.7559999999992
3.7520000000004
3.7590000000005
3.7780000000005
3.7520000000004
3.7559999999992
3.756000000001
3.7540000000007
3.7559999999992
3.7569999999985
3.7579999999995
3.7789999999998
3.7529999999997
3.7540000000007
3.7569999999985
3.7509999999994
====Merge Sort====
8.1199999999999
8.1039999999994
7.9799999999999
8.089
8.1000000000007
8.1380000000006
8.0919999999995
8.090000000001
8.2189999999986
8.1030000000002
8.1150000000001
8.1189999999989
8.1089999999993
8.0960000000001
8.1050000000005
8.1260000000007
8.1249999999997
8.1479999999985
8.146
8.146
8.3270000000013
8.1540000000011
8.1150000000001
8.0960000000001
8.1150000000001
8.1639999999989
8.1050000000005
8.1830000000007
8.0960000000001
8.1579999999999
8.0960000000001
8.1779999999991
8.0799999999996
8.3070000000003
8.5149999999992
8.1289999999985
8.0549999999988
8.6889999999986
9.2020000000002
9.2179999999988
8.1050000000005
8.1310000000006
8.0599999999986
8.1290000000003
8.7649999999986
9.2369999999988
9.2140000000001
9.055
9.1610000000006
9.2269999999992
9.0580000000013
8.1290000000003
9.1509999999992
8.9000000000006
8.0870000000015
8.1209999999992
8.0559999999998
8.4999999999997
8.4099999999996
8.3190000000002
8.0860000000005
8.7709999999994
8.3539999999989
8.1419999999994
8.1000000000007
8.1989999999994
8.1439999999997
8.1220000000002
8.6410000000008
8.8590000000011
8.1070000000008
8.1100000000003
8.0969999999994
8.1029999999984
8.1050000000005
8.1049999999987
8.0950000000009
8.1070000000008
8.1039999999994
8.0939999999998
8.1039999999994
8.1030000000002
8.1100000000003
8.1250000000015
8.1050000000005
8.6269999999988
9.1839999999994
9.1910000000013
8.381
8.125999999999
8.1169999999986
8.0959999999983
8.1030000000002
8.1160000000011
8.3880000000001
8.1220000000002
9.1820000000009
9.1969999999986
9.1450000000002
8.8010000000001
====Bubble Sort====
396.335
397.879
398.606
394.373
394.711
398.782
396.601
395.62
394.372
395.523
396.892
396.306
399.698
395.317
398.791
397.772
395.438
394.241
398.431
395.344
395.356
396.938
400.21
397.721
395.808
398.704
396.779
397.817
396.145
397.479
393.673
394.792
396.542
398.884
400.035
395.961
394.626
394.515
393.747
392.695
396.629
396.014
395.772
395.948
396.067
395.211
395.374
396.208
397.27
399.653
395.234
399.071
395.898
398.204
400.674
395.568
399.642
399.057
399.414
404.172
393.256
398.525
402.003
396.39500000001
396.55399999999
395.095
394.776
396.10399999999
398.157
396.524
398.015
396.128
397.522
397.15200000001
395.899
396.284
395.444
398.695
395.882
398.678
395.96
394.843
393.68
395.229
397.408
398.317
393.65
396.887
395.951
394.62899999999
393.43
397.538
399.248
393.85
397.049
397.989
391.389
397.371
395.848
396.413
