====Quick Sort====
4.06
4.505
4.349
4.204
4.725
4.16
3.51
2.986
2.884
2.77
2.653
2.758
2.977
2.873
3.753
3.027
3.043
3.077
3.006
2.802
2.848
2.786
2.916
2.842
2.955
2.953
2.966
2.823
2.848
2.725
2.78
2.783
2.742
3.173
2.88
2.84
2.974
3.044
2.959
2.896
3.044
3.097
2.802
2.726
2.894
2.811
2.949
2.774
2.785
3.03
2.805
2.697
2.932
2.782
2.775
2.796
2.837
2.954
2.867
2.952
2.954
3.05
2.844
2.731
2.815
3.184
2.997
3.105
2.908
2.916
3.169
2.907
2.845
2.776
2.874
2.927
2.812
2.99
2.877
3.059
2.85
2.928
2.898
2.848
2.74
3.005
2.742
2.956
2.881
2.864
2.897
2.797
2.936
2.935
2.786
2.859
2.786
2.693
2.796
2.87
====Insertion Sort====
116.628
113.382
113.756
114.172
113.665
115.782
114.326
114.394
115.461
113.638
114.45
116.445
114.632
116.078
112.411
111.875
116.658
115.191
113.683
114.615
112.815
110.439
113.683
114.52
116.014
114.369
114.537
115.618
115.927
116.784
113.936
113.771
112.589
117.685
112.694
114.819
115.307
113.65
116.304
116.014
115.336
114.782
114.738
116.24
113.548
116.1
115.411
113.968
113.058
112.753
114.013
114.145
115.689
113.877
113.237
116.83
114.016
112.639
113.495
113.918
114.035
114.167
114.568
112.464
114.209
114.501
112.097
114.668
115.036
114.452
113.701
114.472
113.884
113.457
114.449
113.975
114.583
115.268
116.07
112.653
115.596
114.739
113.701
113.418
114.867
114.606
115.108
114.161
113.354
115.282
115.042
113.741
114.428
114.859
113.807
114.713
113.736
113.046
115.689
113.243
====Radix Sort====
3.9010000000008
3.7530000000014
3.7959999999995
3.7459999999996
3.7540000000007
3.7489999999991
3.7460000000014
3.7699999999994
3.7449999999986
3.7459999999996
3.7510000000012
3.7490000000009
3.7440000000011
3.7460000000014
3.7710000000004
3.7409999999998
3.7479999999999
3.7489999999991
3.7470000000006
3.7479999999999
3.7500000000001
3.7430000000001
3.8260000000001
3.7719999999997
3.7489999999991
3.7490000000009
3.7500000000001
3.7439999999993
3.7510000000012
3.7459999999996
3.7730000000007
3.7480000000016
3.7509999999994
3.7459999999996
3.7439999999993
3.7450000000003
3.7440000000011
3.858000000001
3.7970000000005
3.7409999999998
3.7479999999999
3.7430000000001
3.7460000000014
3.7440000000011
3.7459999999996
3.7729999999989
3.7479999999999
3.7409999999998
3.7469999999988
3.7430000000001
3.7440000000011
3.7450000000003
3.775000000001
3.7479999999999
3.7470000000006
3.7639999999985
3.7470000000006
3.7479999999999
3.7430000000001
3.7500000000001
3.7710000000004
3.7410000000015
3.7469999999988
3.7430000000001
3.7439999999993
3.7469999999988
3.7529999999997
3.7439999999993
3.7489999999991
3.7479999999999
3.7459999999996
3.7469999999988
3.7500000000001
3.7490000000009
3.7520000000004
3.7709999999986
3.7499999999984
3.7430000000001
3.7470000000006
3.7470000000006
3.7479999999999
3.7579999999995
3.7509999999994
3.7669999999999
3.7500000000001
3.7460000000014
3.7450000000003
3.7490000000009
3.7500000000001
3.7430000000001
3.7719999999997
3.7479999999999
3.7439999999993
3.7470000000006
3.7519999999986
3.7470000000006
3.7479999999999
3.7490000000009
3.794000000001
3.7460000000014
====Merge Sort====
8.0629999999999
8.1790000000002
8.1740000000003
8.2740000000001
8.2570000000004
8.1939999999996
8.2419999999992
8.2170000000001
8.2330000000006
8.1830000000007
8.2550000000001
8.1930000000003
8.2269999999998
8.2719999999998
8.2599999999999
8.2450000000005
8.2240000000002
8.2140000000006
8.2509999999996
8.1930000000003
8.2159999999991
8.2159999999991
8.7139999999994
8.2570000000004
8.2439999999995
8.2009999999997
8.286
8.1879999999988
8.2060000000013
8.1720000000001
8.2679999999993
8.1670000000003
8.2989999999992
8.3210000000005
8.5789999999992
9.2219999999994
8.2729999999991
8.2360000000001
8.2400000000007
8.1670000000003
8.2229999999992
8.3260000000003
8.2059999999995
8.2000000000004
8.1949999999988
8.2810000000002
8.242000000001
8.2630000000012
8.2810000000002
8.2520000000006
8.1669999999985
8.229
8.1919999999993
8.2159999999991
8.2339999999999
8.2370000000012
8.2269999999998
8.2100000000001
8.3269999999995
8.2780000000007
8.2260000000005
8.2950000000004
8.2210000000007
8.2129999999996
8.1879999999988
8.2880000000003
8.1880000000005
8.3210000000005
8.1939999999996
8.3159999999989
8.2629999999995
8.419
8.248
8.3209999999987
8.2320000000013
8.4839999999993
8.362
8.5069999999998
8.2180000000012
8.246999999999
8.2380000000004
8.3300000000008
8.3769999999994
8.5510000000006
8.2299999999993
8.3279999999988
8.1879999999988
8.2780000000007
8.1980000000001
8.3570000000002
8.2199999999997
8.3110000000008
8.1640000000007
8.2819999999995
8.303999999999
8.3339999999996
8.170999999999
8.3539999999989
8.1629999999997
8.2979999999999
====Bubble Sort====
380.893
384.116
384.642
380.733
381.051
382.947
383.741
380.685
381.855
381.992
382.176
382.591
384.051
381.935
385.26
381.918
382.361
381.356
383.355
380.383
381.585
383.255
386.313
384.667
382.632
384.258
382.357
384.009
382.075
383.665
379.021
381.408
383.593
383.525
385.062
382.652
381.61
381.135
379.984
379.006
383.399
382.255
382.202
379.538
383.205
382.105
380.543
382.545
383.955
383.183
380.634
385.385
382.606
384.04199999999
385.994
382.09000000001
382.41
383.929
384.769
386.571
380.099
384.176
385.656
382.045
382.643
380.82300000001
380.699
381.655
384.772
381.256
384.822
380.803
383.24799999999
382.98899999999
381.4
383.10000000001
382.20099999999
382.76999999999
382.296
383.475
383.109
381.092
380.248
381.994
381.841
384.039
380.526
380.63
382.43199999999
380.536
380.638
384.829
383.761
381.022
383.598
383.561
378.738
381.49
382.76699999999
382.753
