====Quick Sort====
18.2002520000424
16.7118049998862
19.2637549998835
2036.0074040002
1185.94981999991
17.8384680000363
1236.35812399993
17.9212770001413
1495.01557099984
2709.01830800017
18.0502150001303
16.6993410000487
1561.79932600003
17.3491049999939
1346.672872
16.6061949998948
15.9126319999814
17.3361219999606
1439.35963700005
1691.9221579999
17.2669989999577
16.6301570000087
797.468132000176
3010.87583000003
3109.72652300006
925.725059999877
2375.90892499998
18.3862029998636
1664.87476499992
16.5242450000278
850.156149999975
17.1339900000476
1088.22551200001
2117.7579969999
1571.04481800002
1141.58130099986
2254.112416
16.5114669998729
1765.44939900009
17.0253499998125
1015.99512999996
1481.32212500013
16.5672759999325
1312.79222699982
17.8807199999937
1270.74059799997
16.6544480000539
16.183860999945
2993.974235
2004.09463599999
1515.25602900006
16.0470980001719
17.7184809999744
635.369147000119
1978.81157400002
18.2385610000892
1520.92073800009
17.2896740000397
17.2351209998851
1546.42142600005
3122.81644000018
924.344997999924
17.6664499999788
15.8964790000482
1164.70284399998
17.7034680000361
1362.904867
15.8835499998986
17.9986369998915
1992.38207400003
829.936351000015
17.0934149998629
3123.77549600001
17.8374270001314
17.1460560000014
15.9924140000385
736.922017999859
2832.31080100018
1483.49845600001
16.9056760000785
17.1243080001204
1524.52186300002
2843.08747599994
15.8583589998216
17.2425420000764
1896.25907200002
17.8351959998508
16.9834289999926
18.0330299999696
18.5655509999378
16.8081809999876
2771.05501899996
17.7361200001087
1613.26647700002
17.1603010001036
16.8502779999926
2904.61074199993
1387.06693900008
1888.52506700005
876.67807999992
====Insertion Sort====
550.755365999976
567.432482999948
550.439879000123
550.252630999921
557.125808999899
549.270637000063
555.888698999979
560.294701999965
539.144430000079
553.085229000089
562.212487999886
559.79838799999
555.37136099997
566.90702700007
555.683501999965
550.525918999938
559.784920000084
548.731537000094
550.80718399995
551.982412999905
550.794316000065
557.990064000023
556.869779000181
552.419304000068
548.985291999998
557.066894000172
554.101182000068
550.592310999946
557.545326000081
552.012483999988
555.867668000019
565.221774000065
558.604615999911
554.452615000173
566.409872000122
551.864642000055
545.764461999852
556.934754999929
549.667709000005
543.114566999975
553.592105000007
556.005930999845
546.955175999983
560.500875999878
532.62699999982
553.119177000099
550.926344000118
549.86686899997
545.996224999953
557.243915000072
542.442228000027
550.145521000104
560.483594000061
554.550847000201
551.077675999977
558.731697999974
537.625049000098
550.676964000104
554.512222999847
546.50798900002
553.994799000066
557.249702000036
543.818190000138
544.957513999861
568.031663999818
553.600566000114
547.92009300013
566.321979999884
547.261600999946
554.123289000017
567.468157000121
557.176162000133
553.050142999837
553.982484000016
550.038442999949
546.148554999945
560.794429999987
552.258419999816
539.30252400005
565.062063999903
549.37665500006
548.821418999978
554.120456999954
545.691863999991
550.970731999996
550.57550399988
547.517652999886
547.385818000066
556.634868999936
534.415083000113
549.473343000045
558.401540999967
548.623877999944
547.517529999823
558.493195999972
546.997965999935
552.416814000026
557.160307000004
555.797705000032
550.266797999939
====Radix Sort====
15.309028000047
14.2617609999434
14.2519119999633
14.0750759999264
14.260325999885
14.2104569999901
14.1163150001375
14.2374059998929
14.2598830000225
14.0691090000473
14.2553300001964
14.2262110000502
14.0909869999177
14.2364910000197
14.262977000044
14.0734629999315
14.2600839999432
14.2141450000963
14.0908890000446
14.2451019999044
14.2460229999415
14.0517419999924
14.3169670000134
14.2250200001399
14.069685000095
14.2201460000706
14.2418840000573
14.1181710000637
14.2318620000879
14.2856250001842
14.0806140000223
14.2578610000328
14.9992719998409
14.0753119999317
14.2925089999153
16.3626049998129
14.3030029998954
14.2328259998976
14.2807720001201
14.0690470000209
14.2698800000289
14.2538270001751
14.0978339998128
14.2313660001037
14.227468999934
14.0749069998947
14.2719079999551
14.2323170000509
14.0736339999421
14.2430910000257
14.2186419998325
14.0637179999885
14.2587459999959
14.2505589999473
14.080321999927
14.2479399999047
14.2230649998965
14.1313920000812
14.2233110000234
14.2793400000301
14.1502720000517
14.2623649999223
14.2352579998715
14.0890689999651
14.3078309999964
14.2663110000285
14.0590230000726
14.2545210001117
14.2331319998448
14.0845419998641
14.2311890001565
16.7396039998948
14.1400999998496
14.3910740000592
14.2114379998475
14.0967529998761
14.2084530000375
14.2749540000295
14.0437020002082
14.2454039998938
14.2359619999297
14.0782959999797
14.2041880001216
14.2292000000452
14.0537049999239
14.2353629998979
14.1988390000733
14.1160040000159
14.4711410000582
14.2547099999319
14.0480019999814
14.2381250000199
14.5944920000147
14.0971490000084
14.2388790000041
14.2429369998354
14.0344899998581
14.2315870000402
14.3017010000221
14.0716440000688
====Merge Sort====
27.7322580000146
26.792979999982
27.0558960000926
28.2766959999208
27.3429779999788
26.8240570001126
27.066386000115
26.891126999999
27.2099250000792
26.9148229999701
27.132106000181
26.8678420000015
27.1469120000347
26.8614970000272
27.1102449999034
26.837095000019
27.2051710001051
26.8713749999279
27.1519699999772
26.8964990000313
27.1911100001034
26.8776749999233
27.1345789999486
26.9081849999111
28.7532919999194
27.1981490000144
27.2606650000853
26.9998989999749
27.1879260001242
27.0002509998903
27.148711000109
26.9384799998988
27.202213999999
26.8812430001617
27.1447830000398
26.9411510000737
27.205892999973
26.9123089999539
28.6798059999001
27.158184999962
27.2244200000387
26.935746999925
27.2083670001848
26.9693600000664
28.7113539998245
26.9520589999956
27.1801569999752
26.9798710000941
27.3558460000913
26.9743090000247
27.2018359999038
26.9123809998746
27.2187639998265
31.6202100000282
27.4335370002063
26.9737009998607
27.2609080000166
26.950960000022
27.1793659999275
26.9755460001306
27.2767230001136
26.9718360000297
27.484516999948
26.9611809999333
28.9777190000677
26.9485569999688
27.2244220000175
26.9566419999592
27.3871150000105
26.9404719999784
27.1943870000086
26.9469699999263
27.2637269999905
26.9471260000955
27.1847439998965
26.9437689998995
27.2555789999842
26.9901849999314
27.2143130000586
26.9754280000143
27.2693459999118
26.9490519999636
27.2275329998592
26.972872999977
28.4209760000067
27.0500040001025
27.2105589999683
26.9768450000356
27.2908020001523
26.9526609999957
27.2411329999613
26.9806000001154
27.2502990001158
26.973130999977
27.2774369998388
26.9762660000197
27.7939439999955
26.9863230000738
27.2355030001563
26.9523419999587
====Bubble Sort====
2646.60158099991
2653.47738199989
2686.22041500021
2648.46195399991
2666.08449800015
2722.24941700006
2671.14770500007
2709.38815100021
2746.81951499997
2686.51369700001
2667.59875399998
2747.95276499981
2646.91301999983
2679.48463300013
2667.2859119999
2626.02639800002
2627.26606999991
2751.59377699993
2691.214081
2687.1701309999
2718.55981800013
2678.57916399998
2661.34528800012
2710.85255799994
2645.72380300001
2656.46772600007
2701.22263899998
2667.87812300004
2658.093753
2724.448682
2664.12640699991
2667.91329099988
2731.99819199999
2656.87537999997
2699.03711899997
2692.23114900001
2678.60090099998
2671.59523699979
2705.05403600009
2657.55947800017
2688.90259500017
2757.31191599994
2626.72529499991
2652.47597699999
2671.99760700009
2644.09460799993
2662.6731660001
2691.68883899988
2658.73811799997
2683.37257200005
2751.208572
2637.06262999995
2692.90460699995
2709.34290000014
2693.80332900005
2740.12662599989
2852.67398800011
2797.7630150001
2866.57492000018
2706.22824599991
2670.90998000003
2656.65708100005
2715.49721099996
2665.96516799996
2661.20832799993
2690.58691400005
2660.27660199984
2639.2427830001
2671.11147799983
2661.26471699999
2638.73838500012
2704.74406700009
2665.94084200005
2646.70449899995
2678.80084400008
2633.58071399989
2654.97042099992
2737.92028699995
2677.06647100022
2665.48072700016
2713.8835830001
2655.68995400008
2649.1769239999
2663.65768200012
2665.06517199991
2645.42026799995
2706.78207300011
2642.43492800006
2652.4172930001
2729.64793699998
2672.80475899997
2676.446919
2697.72467500002
2630.891023
2686.838223
2711.10760099987
2629.01766200002
2676.26883600019
2688.99212699989
2648.148881
