====Quick Sort====
33.611117
25.050623
9.598998
65.009065
38.932835
6.055319
38.793187
3.425287
47.212975
75.086792
4.867991
3.465257
49.713753
5.957304
42.435066
2.105579
1.986066
1.860959
44.603194
50.207712
4.397906
1.958172
25.673657
81.946228
85.131448
29.781988
65.260746
4.441123
48.912793
4.249692
27.092623
2.039188
34.476019
63.220084
51.121245
35.204923
62.689694
3.11371
50.269073
4.443282
31.464517
43.151467
3.284141
39.469911
3.326656
38.599694
2.810783
1.84464
82.995157
56.915722
43.713877
3.7595
2.054784
20.637052
59.009193
3.068478
44.422893
4.268192
1.825155
44.818046
84.352515
29.316616
4.038303
1.817971
35.118612
1.921433
42.320289
5.334881
1.809
64.889718
26.803707
3.214128
84.839913
3.184282
3.500352
5.280136
24.559432
76.784828
43.665488
3.395707
2.795928
45.417092
77.168791
3.276985
3.492589
54.226707
1.951163
1.70029
1.757326
2.920519
3.303059
76.873006
3.093876
47.382458
2.867865
3.786222
79.39527
40.896205
52.573698
28.681189
====Insertion Sort====
8.566905
7.869141
6.825571
7.482908
6.588684
6.435291
7.23474
6.4471
7.591923
6.511079
7.278746
6.797676
6.591723
7.617331
6.500041
7.720015
6.443625
7.586944
6.530615
6.519011
7.363683
6.528561
7.793054
6.473108
8.437607
6.486425
7.526094
6.509192
7.480675
7.101747
6.459769
7.812366
6.539044
7.696641
6.53467
7.450587
6.580368
6.376757
7.735196
6.368092
7.602787
6.521681
7.388352
6.586741
6.204866
7.714215
6.325
7.692983
6.42568
7.431532
6.486014
6.399525
7.766116
6.480924
7.669432
6.416381
7.332234
6.549755
6.363599
7.636637
6.452798
7.968227
6.408481
7.521423
6.702598
6.534853
7.172563
6.4968
7.23975
6.515487
7.118459
6.725399
6.461696
7.219604
6.408482
7.248403
6.54398
6.942719
6.678707
6.471934
7.285195
6.414311
7.170256
6.498627
6.468739
7.103128
6.37582
7.246189
6.494241
6.693917
6.777973
6.472143
7.368767
6.421721
7.291476
6.506274
6.637943
6.915997
6.468328
7.300075
====Radix Sort====
6.45328
0.983236
1.736586
1.33223
1.040105
1.027141
0.979724
0.966179
0.986525
0.952966
0.972188
0.975208
1.008918
0.963009
0.965117
1.734677
1.217837
1.18492
1.015301
1.017815
0.979296
0.948306
0.982215
0.963026
0.951443
1.263003
0.970125
1.370123
3.128296
1.115398
0.971779
0.972028
0.960438
0.940102
0.926778
0.983632
0.960899
0.947143
0.986781
0.930012
1.041334
1.35913
1.331479
0.972258
0.985672
0.996163
0.935531
0.938312
0.974085
0.948303
0.961091
2.111338
0.995162
1.755215
1.243661
0.997492
0.932119
0.887368
0.920095
0.898238
0.901845
0.923423
0.929579
0.895453
0.918694
0.920097
0.926739
1.682203
1.25477
1.045349
0.929648
0.944565
0.938388
0.896022
0.896446
0.902658
0.888246
0.88439
0.923531
0.949947
1.876256
1.104162
1.163613
0.906777
0.914184
0.878415
1.023871
0.902506
0.880282
0.930986
0.876175
0.904295
0.8744
0.903622
1.000341
1.340643
1.269716
0.90484
0.914431
0.925099
====Merge Sort====
44.511873
6.851226
2.75685
2.6384
2.786171
2.590782
2.678248
4.06525
2.793236
5.160803
2.673815
2.592766
2.618433
3.956174
4.040288
2.661552
2.580949
2.57303
4.314693
3.520432
2.609811
2.564209
2.640242
4.649015
3.087667
2.624792
2.594774
2.573519
4.915878
2.907603
2.612928
2.645629
2.591015
5.32987
2.754519
8.330188
7.647971
2.718717
2.577927
2.631276
5.25382
2.707139
2.58723
2.585167
2.917765
4.718662
2.656682
2.638384
2.570982
4.437668
3.503287
2.624923
2.569241
2.631856
4.819105
3.032613
2.589818
2.586661
2.564057
5.479415
2.726725
2.584213
2.581271
2.629076
5.587644
2.663698
2.589129
2.636993
3.929671
4.124955
2.63375
2.59552
2.570038
4.331453
3.528461
2.616912
2.628094
2.562998
4.68609
3.069494
2.716381
2.677391
2.583035
5.229571
2.766461
2.577353
2.580484
2.581489
5.321031
2.749588
2.583207
2.563804
2.616492
5.229472
2.757159
2.597863
2.587925
2.810505
4.851623
2.78905
====Bubble Sort====
47.552716
42.329746
42.050837
41.776503
41.683553
41.805417
41.43031
41.371537
41.532976
41.620594
41.775311
41.210233
42.639326
41.655502
42.825161
42.01495
42.178372
41.259216
41.168444
41.859326
41.715178
41.406717
42.231338
41.518789
42.029986
41.597521
42.415065
41.560291
41.94812
41.932233
41.575524
42.917073
41.635889
42.359304
41.430426
41.977823
41.591158
41.983167
42.037835
41.836794
41.647706
42.031929
42.057805
42.659954
42.382277
41.676115
41.916643
41.978936
41.643833
41.599328
41.189982
42.412436
41.316074
42.584643
41.619331
42.93726
41.666151
42.013632
41.520922
42.267733
41.65136
42.000147
41.64672
41.685936
41.908798
42.457355
41.479118
41.987708
42.262762
42.397214
42.113399
41.807267
41.426623
41.967638
42.134254
41.915267
42.231112
41.680372
41.608441
41.908156
42.893094
42.540081
42.707519
44.159068
42.481685
42.300713
41.572831
42.842005
41.868535
42.026934
41.347464
41.807782
42.172936
41.967178
41.574797
41.983431
42.294629
42.119737
42.043482
42.533987
