====Quick Sort====
6.740276
6.977612
7.605273
1051.304553
607.053887
7.396847
633.83475
7.651721
763.641516
1453.28792
7.108545
6.25504
805.392344
6.985284
687.222402
7.191803
6.152659
7.547198
742.943459
876.309419
6.65461
6.288424
400.640236
1538.563075
1611.202735
468.347217
1218.767605
7.795368
869.463521
7.548741
430.932103
7.552976
551.955277
1099.121575
816.247527
580.505707
1176.871684
7.907502
902.965655
7.729606
520.52141
754.997493
7.854735
676.918114
8.33394
656.745287
6.869723
6.229123
1552.718918
1025.253127
773.730171
7.183953
7.013961
311.399204
1027.394086
7.436852
775.591344
8.103477
6.607365
793.423569
1615.775442
495.266101
9.059819
7.587235
597.845586
7.7449
700.322543
7.443041
6.995868
1032.44798
419.019438
7.976059
1618.567418
7.957858
6.803803
7.973436
371.276455
1449.203198
767.827011
7.404326
6.553633
785.214377
1488.291668
7.370036
6.588601
982.467418
7.414819
6.513129
6.945229
8.391254
6.747923
1441.109136
8.125753
836.714507
7.961148
6.644506
1511.023349
715.272514
964.477008
449.406602
====Insertion Sort====
385.75137
386.045835
385.510636
382.903514
384.968226
385.609952
387.710114
383.636996
377.142635
383.674775
388.440877
389.688932
387.035026
388.901037
389.914644
383.156567
385.173197
382.018673
385.056006
379.003457
386.841129
387.595486
384.418961
385.284656
384.52073
381.278723
390.359683
382.962849
387.128735
384.980438
388.87826
388.509862
391.285744
385.726072
393.266039
384.098363
384.828193
380.240197
384.427071
377.750992
383.00998
386.626861
385.632454
384.769682
374.13356
383.842817
379.963166
384.711776
380.69335
382.693147
380.787637
380.943206
387.383125
384.230802
386.548467
386.452308
376.398881
385.60479
382.987875
379.431579
390.825683
381.880717
380.204129
382.834849
391.244914
386.945228
383.983164
388.944637
385.984405
387.33062
384.905961
390.699143
387.670353
380.720797
385.294818
380.621276
386.712218
384.591718
378.025719
387.946609
384.841991
381.896917
382.50403
380.02461
386.948463
377.255256
383.345867
380.605698
383.654457
378.331903
385.655058
382.577505
386.882115
380.242732
384.896455
379.23786
386.9863
387.626925
388.72262
383.702551
====Radix Sort====
7.240343
6.006548
6.489949
7.762125
6.048349
7.375038
6.000235
6.766159
6.980436
6.307017
7.439759
6.093421
7.968605
6.166033
8.118976
5.942971
8.340308
6.015551
8.089954
5.997977
7.288537
6.020201
6.834741
7.014882
6.443544
7.816249
6.146894
8.142837
6.05083
8.058974
6.092525
7.97492
6.038572
7.866906
6.022881
6.895195
7.216158
6.230833
8.172836
6.088993
8.208367
6.061027
8.191111
5.985046
8.242417
5.928477
7.764644
6.002308
6.935018
7.212512
6.304324
7.973059
6.193708
7.761493
6.09176
7.997816
6.13554
8.296097
6.009065
7.235426
6.22536
6.368117
7.34451
6.287379
8.28794
6.116067
8.361098
6.007555
8.325762
5.982822
8.16545
5.987101
7.024536
7.172184
6.363948
8.022819
6.267927
8.215332
6.086855
8.415877
6.154249
7.898864
6.018521
6.912748
7.519261
6.244679
7.99894
6.053021
8.241532
5.991573
8.293102
5.95103
8.505285
5.95399
7.315117
6.441946
6.3177
7.520459
6.20774
8.162766
====Merge Sort====
15.22403
15.28356
15.185613
15.500681
15.28818
15.335695
15.442473
15.283925
15.377963
15.288349
15.295599
15.254486
15.439463
16.36007
15.247746
15.372623
15.277612
15.417585
15.373282
14.84849
14.374054
14.1805
14.125795
14.461225
13.48771
14.771066
14.328694
13.759172
14.395834
13.453556
14.763751
14.072109
14.293188
14.558431
13.488343
15.077597
14.411151
13.676832
14.045914
13.406215
14.889897
13.872826
13.841804
13.845076
14.598225
13.362518
13.920668
15.184018
14.658125
13.471055
15.113696
13.9534
13.872011
14.188105
14.167242
14.613337
13.379153
14.659632
14.308826
14.435742
13.352013
13.912958
15.163644
14.375569
14.523876
13.52854
15.003574
14.454123
14.60791
13.362705
15.088287
14.101244
14.329641
14.660354
13.366044
13.63101
15.115578
13.366771
15.784537
13.371551
14.898608
13.362298
15.117113
15.432238
14.091341
14.455707
13.301795
14.396678
13.508938
13.390148
14.721323
13.527607
14.566532
13.955538
13.784254
13.823052
13.840509
13.863674
13.91285
13.889895
====Bubble Sort====
965.042536
952.496311
960.094349
955.118581
965.926075
956.625014
973.768381
959.811704
975.47947
963.385937
974.922249
966.413005
968.1988
961.520708
954.910338
950.08983
956.321979
963.263131
984.745894
957.144747
964.418961
965.972544
961.139928
959.434018
961.698086
952.670992
965.304082
962.409656
969.884889
963.638629
968.611935
957.332339
973.067626
958.514152
976.615446
952.603921
971.453135
957.557272
959.654258
960.614658
967.983931
967.922285
957.944243
954.59276
956.492303
955.809222
965.854416
954.760043
968.345334
960.565663
974.016926
945.242071
970.113869
954.936936
972.3265
949.665084
967.087467
958.576528
972.860922
948.090664
967.404889
957.001882
968.762992
965.808916
966.05166
1006.053017
1004.760613
1016.82043
958.302151
961.001289
960.459959
960.484324
972.560651
954.241816
962.557477
952.472225
963.707371
961.711128
965.169613
959.060242
966.460151
959.937722
961.417344
946.714187
957.879232
952.51025
968.061748
954.077169
964.972584
956.852356
971.886345
958.699012
965.437047
953.183919
968.800525
957.924761
957.530125
960.867814
960.564562
958.422677
