====Quick Sort====
6.929624
7.126901
7.182305
1048.611137
608.520671
7.996784
633.789599
7.336983
762.585083
1407.276776
8.052148
6.131228
805.538649
7.600284
686.868329
6.898613
6.307241
6.710565
744.722823
872.674011
7.813348
6.420726
399.540374
1537.324847
1610.036646
467.76645
1223.475067
8.463723
864.688387
7.637747
428.263942
7.948364
551.512363
1101.30055
814.664449
578.934929
1172.198823
7.408517
901.303074
7.236557
520.114933
752.810479
7.782502
672.835452
8.128805
656.507281
7.642241
6.115797
1551.465674
1022.91506
771.365924
7.094096
6.743393
308.892171
1027.642332
8.31075
777.268655
7.091148
6.442553
788.204564
1617.975168
469.412214
7.791932
6.095622
593.596689
8.953172
701.112063
7.478925
6.929772
1030.611855
416.8641
7.870214
1613.50752
7.740059
6.378318
7.371178
370.876649
1447.007174
767.296951
7.248243
6.343861
785.474872
1484.967264
6.843508
6.470663
984.84309
7.861793
6.392543
7.424434
6.816829
7.779728
1444.785531
7.753601
834.863618
7.74961
6.708051
1514.577539
713.724646
965.074541
444.273948
====Insertion Sort====
381.897387
384.777353
382.913956
380.423109
379.188372
380.146713
383.581385
380.842309
373.850422
380.867669
383.868373
387.147075
384.144557
386.331934
386.210619
380.59737
381.099987
379.764294
380.877157
375.702963
382.01148
387.024213
380.704749
382.438477
381.061495
379.840072
384.82122
381.133338
380.436225
382.994324
385.676621
385.015919
387.761611
385.817433
386.515334
382.860498
378.100621
381.073639
381.774553
375.616466
379.200367
386.231361
378.704952
384.651291
370.030571
382.693423
378.324288
380.859483
378.683276
381.618165
375.351526
381.644348
382.173102
384.288097
382.622395
381.29592
373.837223
380.886965
379.586994
380.840833
384.80463
380.071346
378.503168
378.370347
392.763436
383.526703
379.774351
387.486038
379.440491
384.352385
384.077797
385.943135
387.754085
382.323927
384.557949
379.685255
385.152979
382.33627
374.694786
386.147778
381.734765
379.769443
378.993772
377.733119
382.948113
376.931913
379.929571
379.445797
380.666327
370.211651
382.144578
380.719781
380.99254
380.619537
381.520685
379.352388
383.823368
379.630874
386.103267
381.400847
====Radix Sort====
6.480104
5.942676
6.916332
6.131319
6.061774
6.013407
6.130095
6.016843
6.35547
6.023917
6.388276
5.967038
6.457632
6.080124
6.846051
6.027046
6.824147
5.984096
6.898928
5.941434
7.206568
6.0062
7.561565
5.97244
7.216091
5.9365
6.639541
5.948018
7.143842
5.947567
7.095021
5.951843
7.224485
5.995588
7.177198
5.919943
7.223377
5.947005
7.189298
5.943243
7.231501
5.91587
7.247151
5.940973
7.327147
5.936432
7.226897
6.032012
7.300443
5.910306
7.362826
5.902329
7.330603
5.944116
7.206131
5.915618
7.313683
5.927049
7.314702
5.93752
7.270271
5.932611
7.39993
5.899313
7.646257
5.927165
7.570996
5.933564
7.608942
5.873915
7.645836
5.86321
7.817873
5.879935
7.839199
5.881153
7.725657
5.85717
7.709902
5.865746
7.213035
5.859775
6.593742
5.875979
6.407247
5.865656
6.48913
5.864618
6.605672
5.870715
6.756856
5.888914
6.808796
5.86342
6.761909
5.859759
6.938642
5.879913
6.968246
5.855451
====Merge Sort====
14.210383
14.281813
14.176207
14.171105
14.192855
14.172409
14.151578
14.090062
14.135312
14.15172
14.09369
14.150237
14.017022
13.985631
13.776843
13.56679
13.815454
13.43201
14.815623
14.016083
13.994244
14.15502
14.230992
14.111845
14.298059
14.132392
14.188468
14.1456
14.185306
14.089913
14.147668
14.150669
14.138818
14.035336
14.131564
14.152702
14.068248
13.81123
13.660669
13.549262
13.804734
14.232487
13.773597
13.847135
14.065626
14.170944
14.17876
14.274402
14.10118
14.197077
14.252033
14.230276
14.125277
14.159686
14.103366
14.173019
14.038679
14.187038
13.999616
14.12352
14.372538
14.420299
14.180154
14.302327
13.969897
13.987278
13.774604
14.096103
13.729474
13.551004
13.536303
13.70434
13.495922
13.639554
13.79061
14.157143
14.264124
14.255592
14.223729
14.271095
14.65116
14.692091
14.658495
14.665922
14.612835
14.645276
14.755516
14.756326
14.696971
14.843836
14.782788
14.875048
14.702995
14.504432
14.631329
14.712918
14.630219
14.622781
14.701403
14.256197
====Bubble Sort====
960.029308
951.995844
963.616231
959.864985
962.101716
955.725203
964.097261
962.309697
969.067905
971.004364
962.267563
967.058575
964.9753
969.123417
948.804786
959.707668
951.265807
969.77598
964.419731
955.094529
962.758614
970.700066
956.531122
968.910371
958.425249
962.71542
972.915542
969.820027
962.71646
963.821153
962.02215
957.066998
969.776423
967.252407
980.366404
950.777096
966.843823
955.629328
955.618125
958.207977
963.540181
965.39986
961.759607
951.731267
960.996475
954.528453
968.813631
959.219418
967.255019
971.834434
969.40534
946.05899
965.12295
951.975941
969.164017
948.708484
963.968056
957.086185
976.457537
948.366682
983.46484
953.095729
979.316179
964.047297
980.481005
953.213024
965.88207
952.181368
959.634881
960.459725
958.120053
958.087369
966.910153
951.664801
954.526446
961.737953
960.515281
961.411349
963.323528
958.296703
962.675917
956.678905
959.445605
942.676153
956.903713
952.768347
969.665601
951.273385
960.857272
955.917036
968.440481
957.322412
960.215449
949.396187
972.559019
958.673982
968.208112
960.147867
958.402384
956.816662
