====Quick Sort====
5.443389
4.985166
5.659568
652.782517
378.777006
5.071942
395.446518
5.160908
475.267175
869.063196
4.936002
4.687628
501.903881
4.967595
428.066561
4.786514
4.56695
4.895346
461.725048
543.454341
4.902106
4.768888
255.324654
953.50276
1000.781715
297.851476
753.329577
5.32516
535.509644
4.67578
271.336837
4.935866
345.286344
682.021913
504.422607
362.011556
724.692604
4.863383
557.420757
4.922467
326.006118
467.7525
4.775915
420.915081
5.097955
407.99966
4.784611
4.600819
962.417858
641.399293
479.150048
4.591818
5.158255
200.966727
635.227666
5.167654
479.383333
4.961857
4.966527
489.972342
1002.487183
295.668443
4.748673
4.523019
372.768713
5.027754
436.099572
4.549281
5.101989
638.648232
263.767615
4.775296
1003.238178
5.131978
4.86004
4.577366
234.618729
895.596793
474.81373
4.898291
4.823744
488.316772
914.077084
4.454768
4.956265
608.971562
5.046984
4.883425
5.217568
5.333196
4.830945
889.956789
5.024144
516.707502
4.936574
4.822559
932.722324
444.423698
597.489435
279.920268
====Insertion Sort====
302.179659
305.971409
301.645422
301.643449
301.706059
301.139197
303.644618
302.201649
295.916205
302.580744
306.14972
307.693522
304.331304
306.112829
305.925079
302.050247
301.399124
300.75737
301.840817
297.832905
302.537392
306.353569
301.24272
303.149306
301.557556
301.348637
304.522301
302.72482
301.581805
303.368982
305.073742
305.773673
306.893022
304.534128
306.63835
303.280775
299.748513
302.199015
302.001754
302.728415
299.703411
305.753526
300.442801
303.20741
293.886819
303.603323
298.008244
303.36447
299.642763
301.54401
297.175554
301.977104
302.890231
304.265201
302.789893
302.008015
295.487765
302.567983
299.88937
300.024427
304.586125
300.563563
298.772567
299.639168
307.228419
304.207644
300.423435
307.008862
300.761001
304.385877
302.713116
306.173136
303.734753
299.4425
302.408096
299.964706
303.326344
303.340642
296.23771
305.401616
302.486247
301.089917
299.778948
299.867109
302.526825
297.89665
301.199608
300.910067
300.720572
293.620364
301.835395
301.935116
301.496208
300.981696
302.538231
300.363814
303.441484
301.450463
305.380274
302.000387
====Radix Sort====
4.366941
4.356014
4.378031
4.356216
4.356
4.351271
4.353125
4.357471
4.373785
4.356752
4.353018
4.35163
4.354467
4.361298
4.358635
4.377149
4.35029
4.352698
4.354194
4.355232
4.350416
4.356956
4.377133
4.358606
4.354379
4.355889
4.354582
4.374169
4.350925
4.352574
4.355248
4.349699
4.350966
4.352769
4.353454
4.381149
4.357937
4.426611
4.472515
4.422977
4.359003
4.353095
4.376249
4.352126
4.35441
4.350746
4.350953
4.37615
4.354557
4.380619
4.361905
4.356296
4.351587
4.353713
4.35522
4.378621
4.400442
4.352748
4.354328
4.35328
4.355004
4.353904
4.379225
4.357747
4.35593
4.353284
4.353267
4.352719
4.353441
4.377253
4.35171
4.354954
4.35624
4.389294
4.355692
4.352283
4.354344
4.354118
4.357262
4.352537
4.352108
4.351116
4.383468
4.354056
4.35425
4.354809
4.352599
4.353284
4.352133
4.376056
4.353404
4.356541
4.35314
4.356285
4.356498
4.361767
4.378672
4.351925
4.353867
4.352303
====Merge Sort====
9.024239
9.041857
9.010785
9.0126
9.034822
9.02107
9.01649
9.016779
9.039557
9.029477
9.12376
9.126849
9.047175
9.038454
9.038202
9.086825
9.039343
9.035101
9.056195
9.027017
9.032977
9.037406
9.050387
9.031838
9.032864
9.082156
9.037661
9.032809
9.062001
9.023899
9.035889
9.029648
9.089571
9.021035
9.027105
9.043112
9.027167
9.030092
9.024658
9.050698
9.023102
9.0247
9.04477
9.02609
9.02491
9.021304
9.049486
9.024512
9.048758
9.049594
9.026904
9.024223
9.024746
9.046622
9.030014
9.028844
9.040641
9.027612
9.023091
9.047833
9.022362
9.026264
9.024854
9.046828
9.026615
9.016692
9.075276
9.025513
9.020842
9.022501
9.055291
9.020575
9.047453
9.046094
9.023245
9.029666
9.024594
9.048926
9.046782
9.028067
9.044941
9.031368
9.022197
9.025953
9.039791
9.01874
9.020133
9.04678
9.023666
9.022564
9.054296
9.030596
9.02865
9.027591
9.047219
9.023174
9.021881
9.047561
9.028082
9.025651
====Bubble Sort====
860.888344
859.942315
859.441424
862.431239
864.677724
864.742431
867.144745
869.336332
869.904808
867.781952
865.814644
874.445846
862.738162
870.412763
854.161497
857.755377
855.369492
871.01573
868.873062
863.888811
863.64683
870.069724
858.199408
866.623452
861.983715
862.723537
864.724723
869.191221
864.300815
870.197786
865.481046
863.995494
871.301059
865.712954
873.294468
860.674942
871.296919
864.425091
858.37225
866.619739
866.762261
873.209352
858.597053
860.689534
855.292133
863.984874
862.812721
862.305856
867.464328
868.56583
870.978626
855.037737
867.85622
859.86743
869.987112
857.887349
864.741846
867.602827
870.730351
857.421098
868.454608
862.29568
865.97128
868.92155
864.732188
861.321499
866.117227
860.520501
859.926994
867.836146
859.602942
866.006103
869.357128
860.119787
860.879062
860.547399
862.588198
868.716295
864.336106
868.254514
864.118644
865.363713
860.820438
854.924938
859.081861
861.838594
866.33958
860.106578
864.017105
864.833046
870.669848
866.105826
862.506196
860.174169
867.030667
861.740411
859.435493
870.301565
860.873535
863.650526
