====Quick Sort====
4.792415
2.89933
3.621089
105.191112
31.249762
0.699652
29.623436
0.630187
35.601997
74.846906
0.493227
0.682549
30.602533
0.506455
26.463628
0.67396
0.455025
0.601871
29.828194
33.195613
0.471662
0.508172
14.972139
93.314679
64.008989
20.422436
46.221472
0.519969
33.497859
0.477369
16.452392
0.511549
21.013773
40.660722
30.406724
20.607405
41.787285
0.456515
32.632445
0.508817
19.82212
30.535539
0.507002
25.150724
0.578908
24.274487
0.538272
0.527214
82.400139
74.644209
38.243927
0.716357
0.621847
15.370747
48.174446
0.576854
36.925398
0.600341
0.564596
35.803216
80.732637
21.890909
0.572298
0.577887
28.624073
0.672527
31.901187
0.559644
0.671431
47.988499
20.627226
0.617627
73.724648
0.601164
0.586093
0.577681
17.07988
65.610836
35.184535
0.609114
0.572703
36.843641
66.768284
0.634069
0.623016
44.48451
0.608445
0.568673
0.552702
0.611008
0.54742
55.701689
0.518431
31.119286
0.469125
0.519546
53.852393
25.720042
35.002529
16.837612
====Insertion Sort====
39.958933
24.965688
11.404551
10.78075
10.571566
10.375155
10.195624
11.43119
9.880428
10.03849
10.050493
14.098222
10.026148
10.120799
10.06867
9.962169
11.958224
10.697211
11.020899
10.551947
11.947378
10.721978
9.990946
9.990852
11.985422
10.786643
10.8561
10.726433
10.206046
9.950681
10.29109
10.079459
10.099643
10.048196
10.079258
10.050692
10.153249
11.178882
9.987596
10.090437
12.126402
12.048885
11.581769
11.081274
10.979934
11.062947
10.591085
10.534001
11.089834
11.284125
12.618107
12.765655
12.13157
11.469043
11.659819
10.639706
10.245172
10.476838
10.263365
9.913801
9.984558
9.926589
9.802171
11.258032
10.48539
9.977825
9.861502
12.265489
10.037611
10.117134
9.938916
11.270814
11.924684
11.027034
10.810555
10.544971
11.938141
10.422476
10.304186
10.225685
12.511138
9.895657
9.989281
9.964349
9.922725
9.79311
10.046413
10.797834
10.610004
11.960507
10.531877
10.676935
10.376421
11.639285
11.035328
11.65207
13.552526
13.450837
12.73297
11.346989
====Radix Sort====
7.705632
7.65729
3.358946
2.721106
2.477363
2.47907
2.815265
2.66868
2.888166
2.751191
2.714901
2.631599
2.66099
2.705138
2.770628
2.082032
1.687601
1.813617
1.746323
1.847565
1.776624
1.741991
1.869177
1.725567
1.776794
1.776153
1.760848
1.923414
1.9834
1.822883
2.496834
2.18505
2.195455
1.019186
0.637122
0.624749
0.815854
0.684452
0.650102
0.706694
0.627382
0.853341
0.6274
0.703474
2.073925
0.7064
0.645212
0.577617
0.587271
0.598588
0.576668
0.585039
0.585862
0.584635
0.551337
0.659539
0.64045
0.574805
0.571391
0.606833
0.746567
0.670832
0.594233
0.577927
0.570859
0.692758
0.581415
0.57013
0.564247
0.558588
0.572694
0.577709
0.572762
0.566684
0.623114
0.58154
0.609791
0.577371
0.569475
0.730176
0.624883
0.580232
0.578063
0.558157
0.6936
0.564046
0.580243
0.56516
0.55707
0.58984
0.552235
0.531976
0.539634
0.515776
0.524493
0.505989
0.494502
0.513267
0.59061
0.497951
====Merge Sort====
4.921498
3.315019
3.230287
3.226198
3.196952
3.256417
3.199219
3.191389
3.214798
3.21999
3.256195
3.185328
1.459683
1.065218
1.034659
1.022254
1.023655
1.021622
1.022276
1.025988
1.114981
1.07383
1.05809
1.005126
1.003417
1.001719
1.008431
1.07019
1.059635
0.993295
1.034376
1.042625
1.003693
0.996181
0.998955
0.997323
1.000132
0.996282
1.003081
0.99288
1.062319
1.05773
2.228283
1.045792
1.111694
1.025799
1.027952
1.030462
1.142565
0.986983
0.988189
0.994958
0.99582
0.996722
0.991592
1.106095
1.049101
1.054279
1.106274
1.314625
1.291714
1.137503
1.18344
1.121096
1.046517
1.048935
1.053464
1.070684
1.054768
1.09613
1.192302
1.063385
1.288397
1.206658
1.072282
1.069208
1.104993
1.099885
1.129848
1.100335
1.161496
1.13861
1.118101
1.361994
1.06808
1.053342
1.056924
1.069933
1.063886
1.0606
1.069903
1.042475
1.040574
1.062693
1.065641
1.101829
1.390494
1.250122
1.219207
1.196624
====Bubble Sort====
70.712545
55.330579
53.309949
52.330873
55.441336
51.308811
54.234534
56.042512
64.90309
83.472191
78.538488
77.453612
70.414981
74.069225
69.052917
67.083122
64.527767
65.613234
68.461551
66.152363
66.076131
64.909538
61.012669
56.635953
57.498757
69.656901
79.118494
68.442688
59.933245
56.504106
59.639084
70.126543
66.842552
66.384579
72.925187
68.48819
66.530754
70.201382
87.299667
84.744947
77.572805
98.242916
132.203357
77.452855
76.273335
77.600866
84.160538
58.031259
55.312612
54.439788
56.525278
57.466131
90.708584
82.253267
81.999903
55.563978
59.80579
59.784303
63.568721
81.366278
67.072074
70.342812
69.683655
83.401856
91.91887
90.799306
95.159123
86.899975
82.890196
72.378709
68.75078
59.398691
55.11157
54.114097
55.658456
57.109355
62.938274
55.664706
55.144355
55.350782
56.294416
58.267493
54.403308
57.623855
55.912687
60.228572
67.320333
66.817
71.816599
68.497131
67.224839
73.123543
70.485379
72.518688
67.892705
71.200404
66.174166
64.983326
65.662457
69.184702
