====Quick Sort====
0.4587329998612404
0.5679440014064312
0.395006000995636
17.760768000036478
0.34908799827098846
0.3160270005464554
0.3061230033636093
4.684170000255108
16.87754100188613
0.5680080018937588
0.5143060013651848
0.31446800008416176
0.3188150003552437
0.3442409969866276
0.3211599998176098
0.34233999997377396
11.25195400044322
0.30752700194716454
0.3074820004403591
5.911053001880646
0.30895600095391273
0.3441439978778362
17.126818001270294
0.30994899943470955
0.3058589994907379
8.46535400301218
0.31177999824285507
0.3082230016589165
0.30543600022792816
0.31965800002217293
0.3100400008261204
15.409869998693466
0.3088979981839657
0.350637000054121
0.3104560002684593
0.3129190020263195
0.30384400114417076
0.30792200192809105
0.30648599937558174
10.342011000961065
0.3128720000386238
0.3074200004339218
0.3156770020723343
0.3229679986834526
0.37540699914097786
8.079725001007318
18.241793997585773
0.3150920011103153
10.831135999411345
0.31152699887752533
14.303370997309685
0.3364170007407665
0.4745530001819134
0.4567839987576008
0.36123600229620934
0.3429910019040108
17.253023002296686
0.30591699853539467
13.111558001488447
0.3410539999604225
0.3138839974999428
0.30357199907302856
19.91541600227356
0.30954400077462196
8.448674999177456
21.650117002427578
15.763684000819921
9.138385999947786
13.569855000823736
0.31762200221419334
0.3126079998910427
0.30869200080633163
0.3046780005097389
0.3166529983282089
11.724964000284672
0.31679099798202515
0.3044140003621578
13.763032000511885
20.99626499786973
0.3123989999294281
0.31618399918079376
9.643369000405073
0.3100599981844425
0.3093619979918003
0.31131600216031075
0.31539400294423103
0.31956199929118156
5.673762999475002
17.88833000138402
0.30149099975824356
0.3085019998252392
0.32389700040221214
0.30481399968266487
0.30783800035715103
22.778238002210855
0.3125399984419346
0.3149539977312088
0.30684100091457367
17.690340999513865
0.3240570016205311
====Insertion Sort====
10.14554899930954
9.076534997671843
7.997067999094725
7.373146001249552
7.843396998941898
7.371121000498533
7.291556000709534
8.713277000933886
8.071004997938871
8.379996001720428
8.555311001837254
8.358936000615358
8.556038998067379
8.445170998573303
8.335553999990225
8.07150299847126
8.347868002951145
8.138439998030663
8.154134999960661
8.344715002924204
8.53923299908638
8.121380001306534
8.583882998675108
7.850719001144171
8.297505997121334
8.302871998399496
8.313820000737906
8.47503399848938
8.172033999115229
8.99643999710679
8.566166002303362
9.370859000831842
9.066858001053333
7.978619996458292
8.225687000900507
8.11301900073886
8.125886000692844
8.493027999997139
8.273591998964548
8.040903002023697
7.840941000729799
7.80672100186348
7.527218997478485
7.494755998253822
7.321028999984264
7.5577470026910305
7.4498939998447895
7.313847001641989
7.626133002340794
7.113067001104355
7.22520300000906
7.256922002881765
7.215017002075911
7.240970999002457
7.256331998854876
7.334170002490282
7.298409000039101
7.43766900151968
7.249276999384165
7.142611000686884
7.393410999327898
7.195613000541925
8.021081000566483
7.167383000254631
7.191610999405384
7.341067001223564
7.284279998391867
7.419257998466492
7.314401000738144
7.866884998977184
8.291757997125387
7.993344999849796
8.672057997435331
8.689522001892328
8.48004800081253
8.012443002313375
8.591640003025532
7.960547998547554
8.593054998666048
7.65072999894619
8.365136999636889
7.625025998800993
8.402927998453379
7.78660199791193
8.55375799909234
8.044561997056007
8.66644399985671
8.274957999587059
8.308219000697136
8.2392120026052
8.13816099986434
7.361533001065254
7.814555000513792
8.326500002294779
7.450047999620438
7.381446000188589
7.365821998566389
7.5190609991550446
7.3658429980278015
====Radix Sort====
7.3613409996032715
6.656468000262976
4.812369000166655
0.38493800163269043
0.41226400062441826
0.297860000282526
0.7491300031542778
0.3084149993956089
0.3179119974374771
0.3160509988665581
0.39408500120043755
0.2940250001847744
0.28729500249028206
0.33834100142121315
0.35838400200009346
0.28845399990677834
0.30341000109910965
0.3043140023946762
0.2923180013895035
0.34224800020456314
0.3072719983756542
0.29851900041103363
0.29871299862861633
0.39764200150966644
0.40291599929332733
0.3570199981331825
0.3475800007581711
0.2988479994237423
0.45396899804472923
0.3196850009262562
0.37167299911379814
0.5273239985108376
0.35711799934506416
0.3474719971418381
0.41770699992775917
0.2969289980828762
0.3044410012662411
0.3061779998242855
0.29795799776911736
0.3146179988980293
0.29940199851989746
0.3141379989683628
0.30967799946665764
0.47446100041270256
0.31344199925661087
0.31047699972987175
0.31677500158548355
0.3031519986689091
0.28353099897503853
0.29961299896240234
0.2956110015511513
0.283440001308918
0.4228990003466606
0.29148000106215477
0.305637001991272
0.29068199917674065
0.29552900046110153
0.2968889996409416
0.2908019982278347
0.2933200001716614
0.2891560010612011
0.2967100031673908
0.28967999666929245
0.2929320000112057
0.2990789972245693
0.29086100310087204
0.29360800236463547
0.37342600151896477
0.2793719992041588
0.28402500227093697
0.2878729999065399
0.29582099989056587
0.28902899846434593
0.2942960001528263
0.29180800169706345
0.28769199922680855
0.28915300220251083
0.2894100025296211
0.28984199836850166
0.3597340025007725
0.2900330014526844
0.2916310019791126
0.2911220006644726
0.2921850010752678
0.29671600088477135
0.2912389971315861
0.47920599952340126
0.2846109978854656
0.29089100286364555
0.290522001683712
0.2952769994735718
0.2888989970088005
0.2861490026116371
0.29117799922823906
0.291593000292778
0.40108799934387207
0.2965819984674454
0.303276002407074
0.293358001857996
0.3129189983010292
====Merge Sort====
7.161859001964331
1.8610610030591488
2.4794799983501434
2.320160001516342
3.423726998269558
3.178431000560522
1.818672001361847
1.3439900018274784
1.410622000694275
1.3543870002031326
1.339028999209404
1.3504890017211437
1.3362210020422935
1.4012310020625591
1.3565700016915798
1.4078060016036034
1.3467959985136986
1.4312699995934963
1.335836999118328
1.4476930014789104
1.31640500202775
1.4244880005717278
1.3019139990210533
1.3705180026590824
1.420134000480175
1.3837819993495941
1.4066869989037514
1.3603260032832623
1.373685996979475
1.350357998162508
1.36616799980402
1.3358220010995865
1.4064830020070076
1.3398509994149208
1.4004100002348423
1.4372470006346703
1.3833650015294552
1.3518340028822422
1.314640998840332
1.3769319988787174
1.2751739993691444
1.3359389975667
1.3253089971840382
1.3394620008766651
1.2926519997417927
1.376155998557806
1.3141879998147488
1.4025010019540787
1.2731969989836216
1.36956400051713
1.303677998483181
1.405714001506567
1.391465000808239
1.3156099990010262
1.42450600117445
1.3071760013699532
1.3830909989774227
0.7625090032815933
1.3738679997622967
1.3755230009555817
1.3093020021915436
1.3453019969165325
1.2798560000956059
1.3641600012779236
1.3130399994552135
1.3727659992873669
1.3640009984374046
1.3198959976434708
1.3316829986870289
1.3083809986710548
1.3588960021734238
1.3386950008571148
1.5066529996693134
1.2943200021982193
1.3384400010108948
1.2827970013022423
1.3507939986884594
1.3116520009934902
1.3717099986970425
1.3008849993348122
1.3108970001339912
1.37007300183177
1.306088998913765
1.335436999797821
1.294344998896122
1.44675799831748
1.3207019977271557
1.392781998962164
1.2790459990501404
1.3490750007331371
1.2720079980790615
1.4049669988453388
1.3270369991660118
1.3686870001256466
1.4898949973285198
1.4798370003700256
1.6191450022161007
1.6032129973173141
1.3941950015723705
1.424806997179985
1.606767002493143
32.450863000005484
====Bubble Sort====
32.67009300366044
41.61029499769211
31.736099999397993
31.77488799765706
30.96408599987626
31.128025002777576
30.302607003599405
29.97825000062585
32.332063000649214
32.10374600067735
32.56910799816251
31.819072999060154
32.10719300061464
31.854157000780106
31.791055999696255
33.92406500130892
32.75363999977708
34.34296499937773
33.613916002213955
31.105161998420954
33.246560998260975
33.730349000543356
30.977631997317076
31.015999000519514
31.532815996557474
31.454601999372244
31.069347999989986
31.86006100103259
32.33730800077319
31.903501998633146
32.16243200004101
32.28116600215435
34.00787600129843
31.858677998185158
32.44709699973464
32.62192000076175
31.757614001631737
31.89451799914241
31.91533799842
31.6540300026536
31.44090799987316
30.390914000570774
29.890769999474287
30.00678599998355
28.656224999576807
29.10589599981904
29.955355998128653
29.42460300028324
29.469025999307632
28.366450000554323
30.34222600236535
28.297603998333216
29.002342998981476
29.50211600214243
31.07811399921775
31.269469000399113
30.43588500097394
30.151951000094414
31.05705700069666
30.245787996798754
28.720319002866745
28.849569998681545
28.992924999445677
28.113244999200106
27.776390999555588
27.87347500026226
29.041166000068188
29.373087000101805
28.50432200357318
28.624335002154112
28.81963599845767
28.22698399797082
27.781284999102354
28.517025999724865
28.035854000598192
28.08464800193906
28.51171600073576
28.23597700148821
28.236703999340534
28.128078997135162
27.84002899751067
28.420451998710632
28.42246600240469
30.18343099951744
28.16228099912405
29.111378002911806
27.985616002231836
27.684932999312878
28.24991600215435
27.718028999865055
27.73964699730277
27.71127000078559
28.091146998107433
28.18758499994874
28.482112001627684
27.894483000040054
29.45914899930358
27.85047199949622
28.077252998948097
