====Quick Sort====
4.422065
3.737592
4.332163
126.119582
61.461455
3.611365
62.167584
3.462770
76.530322
127.547166
3.408970
3.374460
77.109336
3.427495
65.176550
3.616901
3.555807
3.847543
75.504954
82.444007
3.586824
3.500785
42.073231
146.064054
144.782396
47.469558
120.809450
3.797881
88.091221
3.661892
43.854375
3.571239
54.737223
98.307347
73.727413
55.841974
106.575324
3.689049
82.202992
3.467218
52.127381
70.249953
3.576151
64.346278
3.435954
63.064139
3.625535
3.663223
144.267252
95.496202
72.800544
3.366163
3.472140
34.080984
94.702423
3.467780
71.382799
3.421434
3.423184
74.808739
142.393934
46.573471
3.513361
3.547991
57.156774
3.503541
66.019726
3.369616
3.447080
95.589952
43.287584
3.509756
145.613524
3.449773
3.444589
3.328543
40.875794
127.799360
70.569137
3.560953
3.570658
72.959952
148.857718
3.476240
3.552248
91.195238
3.445110
3.616542
3.611042
3.558781
3.581420
127.818992
3.575044
77.865785
3.452958
3.405666
136.352427
68.823739
91.124860
44.879989
====Insertion Sort====
31.707322
30.372831
38.472462
33.344902
32.473538
33.121010
35.452823
50.365518
43.177887
34.283407
33.531707
33.848590
33.245205
33.336601
40.577326
32.342678
38.746314
35.819126
34.249102
33.456781
32.915675
32.392448
44.939381
36.564857
35.671905
35.765313
35.425924
35.435485
35.100376
36.054356
45.288678
39.950793
35.095564
35.322329
42.099413
34.783577
35.031664
34.819792
38.584562
38.828829
34.624820
34.411248
32.936168
35.245207
37.537618
32.266577
36.441166
32.063343
32.171594
34.574780
31.465371
30.194615
31.040738
34.093729
31.272047
31.343681
30.973631
31.323515
30.701156
31.681026
32.170741
31.660205
32.080587
32.914692
36.334640
32.702121
30.586031
32.075765
30.882160
30.887339
31.555945
32.512293
31.335598
31.240163
31.696668
31.065739
30.607861
31.589536
30.745308
31.849217
32.147452
35.629688
30.650219
30.024791
30.707858
36.331296
31.523040
31.268081
30.706028
29.835344
31.378460
30.768983
31.098349
30.401641
30.886416
31.837609
31.656993
30.580252
30.706075
31.647520
====Radix Sort====
1.501416
1.373683
1.378250
1.505114
1.400545
1.376022
1.417719
1.446981
1.372649
1.440565
1.374109
1.362583
1.405769
1.490328
1.402272
1.383797
1.364046
1.429268
1.375016
1.562620
1.892605
1.422928
1.363257
1.396809
1.400445
1.417730
1.411540
1.362682
1.393640
1.325124
1.330342
1.324602
1.330983
1.326943
1.330190
1.325258
1.330042
1.328299
1.458806
1.441931
1.362922
1.415771
1.361329
1.395180
1.410176
1.390162
1.473532
1.562094
1.376679
1.417011
1.359915
1.406175
1.373193
1.485442
1.405179
1.390170
1.436736
1.391502
1.383195
1.394208
1.378938
1.414027
1.376069
1.383231
1.416016
1.377614
1.389102
1.372319
1.385018
1.376921
1.380714
1.747342
1.906535
1.424554
1.362159
1.379830
1.325943
1.330304
1.367358
1.329435
1.327195
1.329782
1.326529
1.327599
1.326731
1.328295
1.327098
1.436920
1.392740
1.324343
1.339111
1.327946
1.330180
1.323598
1.428812
1.365848
1.405568
1.326208
1.329801
1.327969
====Merge Sort====
11.412735
10.496674
10.413953
10.443951
10.695211
10.492902
10.365479
10.320532
9.875426
10.027291
10.085922
10.594586
10.505639
10.399924
10.390045
10.509334
10.766334
10.307286
9.940702
10.445842
10.515776
10.356924
10.876996
11.530847
10.409232
10.478291
10.362922
10.055500
10.492137
10.285523
10.513724
10.350628
10.002011
10.080492
10.358590
10.709775
10.547728
11.123713
10.399964
10.601839
10.434260
10.524055
10.486616
10.443666
10.322701
10.302501
9.874640
10.594712
10.125560
10.119433
11.166523
10.560854
10.453482
9.916279
9.895361
9.826254
9.906361
10.282145
10.584487
10.412859
10.573168
9.899158
10.289254
10.350104
10.305186
10.555643
10.604671
10.439689
9.839669
10.287714
10.378964
10.542298
10.421117
9.845006
9.914590
9.832993
10.098034
9.994191
9.911922
10.251530
9.868277
10.101600
9.967684
9.980655
9.841318
9.855163
10.245792
10.415079
10.635585
10.344670
10.329278
10.318008
10.352655
10.268888
9.856985
10.335368
10.098639
10.316366
10.491248
11.385516
====Bubble Sort====
131.694458
136.695764
132.254218
131.335068
133.076162
135.001071
132.047627
132.817106
135.012339
139.405897
140.398939
140.479605
133.193689
139.013060
131.461807
131.740348
133.688697
139.090167
129.905956
131.914054
128.815773
132.845815
131.198020
132.486871
131.759419
136.996096
131.520978
144.540613
132.734159
132.398823
132.017471
137.515873
136.252613
132.426399
131.462736
131.721915
132.818242
132.490164
131.323033
136.010714
140.142209
132.253409
130.175523
131.037043
131.403526
130.610332
134.557842
134.946821
132.765544
140.546168
131.314649
131.994985
131.191217
135.603356
135.877428
134.298420
130.835789
132.538973
133.277679
130.851542
130.816784
133.793209
133.445660
137.478749
131.801190
129.384724
131.199510
132.266152
130.456848
135.452456
132.246469
141.217667
135.063769
131.980910
131.137530
130.402748
134.026023
132.785711
133.673579
134.254789
132.265771
130.496492
130.503422
130.246774
134.566095
138.298568
131.969437
130.448686
132.236838
133.403998
132.526062
136.603920
137.204128
130.247061
135.757813
128.849871
129.798940
131.337175
133.366715
134.260349
