====Quick Sort====
0.32921600000000000863
0.33535999999999999144
0.36480000000000001315
9.2631040000000002266
5.0951680000000001414
0.28697600000000000886
5.2346880000000002298
0.28544000000000002704
6.2197760000000004155
11.988735999999999393
0.27980800000000000116
0.30899199999999998889
6.6969599999999998019
0.28441600000000000215
5.7825280000000001124
0.27929599999999998872
0.27648000000000000353
0.28057599999999999207
6.1803520000000000678
7.0543360000000001619
0.28774399999999999977
0.27699200000000001598
3.5292159999999999087
12.158720000000000638
12.737280000000000157
4.0156159999999996302
9.6537600000000001188
0.28262399999999998634
6.999807999999999808
0.2839039999999999897
3.7363200000000000855
0.27955200000000002269
4.6156800000000002271
8.8312319999999999709
6.6132479999999995712
4.8358400000000001384
9.3491199999999992087
0.28160000000000001696
7.2619519999999999627
0.28134399999999998299
4.3768320000000002779
6.1998079999999999856
0.2839039999999999897
5.5610879999999998091
0.28236800000000000788
5.4179839999999996891
0.27929599999999998872
0.27980800000000000116
12.253439999999999444
8.2936320000000005592
6.3150079999999997327
0.27955200000000002269
0.28134399999999998299
2.8631039999999998713
8.2076159999999998007
0.28364800000000001123
6.3278080000000000993
0.28236800000000000788
0.28160000000000001696
6.4729599999999996029
12.782336000000000809
4.0227839999999996934
0.27955200000000002269
0.28108800000000000452
4.9671680000000000277
0.28467199999999998061
5.7643519999999996983
0.2839039999999999897
0.28160000000000001696
8.268544000000000338
3.6385279999999999845
0.28902400000000000313
12.751360000000000028
0.28748800000000002131
0.28595199999999998397
0.28134399999999998299
3.4227199999999999847
11.524864000000000885
6.2231040000000001911
0.28134399999999998299
0.28057599999999999207
6.3959039999999998116
11.672831999999999653
0.28236800000000000788
0.28083200000000002605
7.8771199999999996777
0.28032000000000001361
0.28441600000000000215
0.28492800000000001459
0.2856960000000000055
0.28108800000000000452
11.395839999999999748
0.28646399999999999642
6.7745280000000001053
0.28646399999999999642
0.29132799999999997587
11.901695999999999387
5.8613759999999999195
7.7588480000000004111
3.8223359999999999559
====Insertion Sort====
3.4790399999999999103
3.3697279999999998346
3.2791039999999997967
3.2637439999999999785
3.277055999999999969
3.1915520000000001666
3.2186880000000002156
3.2112639999999998963
3.133951999999999849
3.205632000000000037
3.2555519999999997793
3.3244159999999998156
3.9208959999999999368
3.3919999999999999041
3.3697279999999998346
3.2491520000000000401
3.1941120000000000623
3.1869439999999999991
3.2240639999999998189
3.16057599999999983
3.2506879999999997999
3.2885759999999999437
3.19615999999999989
3.2130559999999999121
3.2204799999999997873
3.1933440000000001824
3.2291840000000000543
3.2448000000000001286
3.196928000000000214
3.2174079999999998236
3.2783359999999999168
3.2396799999999998931
3.2542719999999998315
3.2634880000000001665
3.2432639999999999247
3.2125439999999998442
3.2002559999999999896
3.1895039999999998948
3.2028159999999998853
3.259392000000000067
3.2383999999999999453
3.2414719999999999089
3.2074240000000000528
3.2168960000000001997
3.1362559999999999327
3.2161279999999998758
3.1994880000000001097
3.2012800000000001255
3.1756799999999998363
3.2422399999999997888
3.1495679999999999232
3.2030720000000001413
3.2476159999999998362
3.222783999999999871
3.2058879999999998489
3.223295999999999939
3.1321599999999998332
3.2035840000000002092
3.2268799999999999706
3.2025600000000000733
3.2261120000000000907
3.2084480000000001887
3.1664639999999999453
3.1692800000000000971
3.294207999999999803
3.2225280000000000591
3.1838720000000000354
3.3441279999999999895
3.1861760000000001192
3.2473600000000000243
3.2839680000000002202
3.2435200000000001808
3.2171520000000000117
3.1987199999999997857
3.2281599999999999184
3.178495999999999988
3.2555519999999997793
3.2135679999999999801
3.2775680000000000369
3.3656320000000001791
3.3320959999999999468
3.2081919999999999327
3.2204799999999997873
3.1777280000000001081
3.2184319999999999595
3.1810559999999998837
3.187968000000000135
3.1854079999999997952
3.2281599999999999184
3.1375359999999998806
3.196928000000000214
3.2243200000000000749
3.1935999999999999943
3.1864319999999999311
3.2391679999999998252
3.1818240000000002077
3.2148479999999999279
3.2166399999999999437
3.2399360000000001492
3.223295999999999939
====Radix Sort====
0.48511999999999999567
0.47871999999999997888
0.48332799999999997986
0.49331199999999997274
0.47846400000000000041
0.86451199999999994716
0.57139200000000001101
0.5401599999999999735
0.4794880000000000253
0.48332799999999997986
0.47718399999999999705
0.48435200000000000475
0.47616000000000002768
0.48153600000000001957
0.48230400000000001048
0.4776960000000000095
0.48179199999999999804
0.47846400000000000041
0.48076799999999997315
0.47871999999999997888
0.53427199999999996916
0.48563200000000000811
0.47846400000000000041
0.48358400000000001384
0.47718399999999999705
0.48409600000000002629
0.48255999999999998895
0.47871999999999997888
0.76979200000000003179
0.51123200000000001975
0.47871999999999997888
0.48614400000000002056
0.47641600000000000614
0.48204799999999997651
0.48409600000000002629
0.47667199999999998461
0.48127999999999998559
0.50201600000000001778
0.48460799999999998322
0.48076799999999997315
0.47846400000000000041
0.48230400000000001048
0.47846400000000000041
0.48230400000000001048
0.47718399999999999705
0.47846400000000000041
0.48435200000000000475
0.47871999999999997888
0.48204799999999997651
0.47820800000000002195
0.50969600000000003792
0.79436799999999996302
0.517888000000000015
0.60313600000000000545
0.65177600000000002201
0.64768000000000003347
0.64921600000000001529
0.64409600000000000186
0.65151999999999998803
0.65151999999999998803
0.65024000000000004018
0.64332800000000001095
0.64256000000000002004
0.65024000000000004018
0.64742399999999999949
0.65126399999999995405
0.79769599999999996065
0.80537599999999998079
0.80691199999999996262
0.8089600000000000124
0.80332800000000004204
0.80921600000000004638
0.80460799999999998988
0.80588800000000004875
0.92159999999999997478
0.47820800000000002195
0.50790400000000002212
0.49664000000000002588
0.47667199999999998461
0.48639999999999999902
0.47795199999999998797
0.48537599999999997413
0.50995199999999996088
0.54041600000000000747
0.48998399999999997512
0.4776960000000000095
0.48639999999999999902
0.47667199999999998461
0.47846400000000000041
0.48153600000000001957
0.4776960000000000095
0.48563200000000000811
0.47795199999999998797
0.48230400000000001048
0.53734400000000004383
0.4776960000000000095
0.48332799999999997986
0.4830720000000000014
0.49689600000000000435
0.51251199999999996759
====Merge Sort====
0.56012799999999995926
0.47488000000000002432
0.48255999999999998895
0.4776960000000000095
0.47795199999999998797
0.48127999999999998559
0.47846400000000000041
0.48076799999999997315
0.47360000000000002096
0.48179199999999999804
0.97919999999999995932
0.54220800000000002328
0.51046400000000002883
0.51763199999999998102
0.51123200000000001975
0.51251199999999996759
0.5196800000000000308
0.51302400000000003555
0.517888000000000015
0.51712000000000002409
0.51430399999999998339
0.50867200000000001303
0.72422399999999997888
0.468735999999999986
0.5918719999999999537
0.74751999999999996227
0.64844800000000002438
0.63871999999999995445
0.64742399999999999949
0.64588800000000001766
0.6446079999999999588
0.6402560000000000473
0.63615999999999994774
0.64383999999999996788
1.097984000000000071
0.78873599999999999266
0.65587200000000001054
0.70502399999999998403
0.72345599999999998797
0.71782400000000001761
0.70758399999999999075
0.70425599999999999312
0.71091199999999998838
0.72319999999999995399
0.71270400000000000418
0.75929599999999997095
0.84070400000000000684
0.71552000000000004487
0.80230400000000001715
0.75699199999999999822
0.75417599999999995752
0.75238400000000005274
0.74214400000000002589
0.74444799999999999862
0.75980800000000003891
0.75673599999999996424
0.75750399999999995515
1.1153919999999999391
0.8606719999999999926
0.84531199999999995232
0.85631999999999997009
0.85452799999999995428
0.86169600000000001749
0.86016000000000003567
0.85401599999999999735
0.87551999999999996493
0.85478399999999998826
0.85375999999999996337
0.89779200000000003445
1.3683199999999999807
0.93184000000000000163
0.93644799999999994711
0.92390399999999994751
0.91903999999999996806
0.91187200000000001587
0.90803199999999995029
0.91366400000000003168
0.94003199999999997871
0.93388800000000005141
0.91647999999999996135
0.91366400000000003168
1.303552000000000044
0.93593599999999999017
0.90624000000000004551
0.91929600000000000204
0.92595199999999999729
0.94796800000000003283
0.91391999999999995463
0.91647999999999996135
0.92108800000000001784
0.91315199999999996372
0.91391999999999995463
0.9169920000000000293
1.3811199999999999033
1.1240959999999999841
0.92723199999999994514
0.91059199999999995701
0.91545600000000004748
0.91980799999999995897
0.91264000000000000679
====Bubble Sort====
40.488959999999998729
24.840703999999998786
22.958591999999999445
23.094528000000000389
23.184384000000001436
24.418303999999999121
22.862335999999999103
22.901247999999998939
23.150847999999999871
23.152640000000001663
22.648831999999998743
23.315200000000000813
23.000319999999998544
23.128831999999999169
23.155200000000000671
22.635775999999999897
25.309951999999999117
22.835200000000000387
22.382335999999998677
22.993919999999999249
22.748927999999999372
23.043327999999998923
23.119872000000000867
22.899968000000001211
23.004671999999999343
22.8863999999999983
22.820351999999999748
23.190528000000000475
23.065087999999999369
23.075583999999999207
22.756095999999999435
23.776256000000000057
22.815999999999998948
23.155456000000000927
23.218944000000000472
22.975231999999998322
23.161087999999999454
22.87667199999999923
23.035647999999998348
23.561983999999998929
23.140095999999999776
23.241216000000001429
23.040255999999999403
23.142143999999998272
23.328255999999999659
22.96191999999999922
22.847743999999998721
23.575296000000001584
23.278591999999999729
28.950527999999998485
22.821120000000000516
23.134976000000001761
22.633216000000000889
22.915071999999998553
22.696191999999999922
23.014911999999998926
22.902015999999999707
23.624192000000000746
23.102720000000001477
23.009280000000000399
25.248767999999998324
23.248895999999998452
23.187712000000001211
23.123712000000001154
23.333376000000001227
23.163392000000001758
23.106815999999998468
23.017472000000001486
23.03615999999999886
22.718976000000001392
23.28960000000000008
23.191552000000001499
22.89203200000000038
22.963456000000000756
23.126528000000000418
22.892288000000000636
23.00185600000000008
22.974208000000000851
22.991360000000000241
23.057407999999998793
23.005696000000000367
22.827776000000000067
23.047167999999999211
23.305472000000001742
23.030784000000000589
22.915327999999998809
22.875648000000001758
22.900224000000001467
22.685696000000000083
22.733312000000001518
22.946560000000001622
22.981120000000000658
22.706431999999999505
23.012095999999999663
23.01900799999999947
22.859776000000000096
23.092735999999998597
22.939903999999998518
23.141888000000001568
23.128575999999998913
