====Quick Sort====
63.56736099999999
3.168085000000019
2.5537510000000054
57.58991999999998
19.54481000000004
0.7555739999999673
16.124392999999998
0.7777280000000246
19.462648
34.37682699999999
0.7259280000000103
0.773065000000031
21.66362700000002
0.7200599999999895
14.130626999999947
0.37665100000003804
0.3711860000000229
0.3513719999999694
8.934835000000021
10.365931999999987
0.3530869999999595
0.3459750000000099
5.066745000000026
17.93856199999999
18.75627800000001
5.833194999999989
14.181247999999982
0.3890830000000278
10.208892000000048
0.3506669999999872
5.38705699999997
0.3526200000000017
6.697566999999992
12.821018999999978
9.643660999999952
7.040644000000043
13.622839999999997
0.35044300000004114
10.635897
0.3469000000000051
6.376436000000012
8.967751000000021
0.353116
9.156440000000089
0.48356599999999617
8.11531100000002
0.34570300000007137
0.43347799999992276
18.006451000000084
12.175355999999965
9.186065999999983
0.34853099999997994
0.35234700000000885
4.081756999999925
12.021714999999972
0.3567209999999932
9.218621999999982
0.3493949999999586
0.3501089999999749
9.364948000000027
18.798631
5.833662000000004
0.3467600000000175
0.3509880000000294
7.217499999999973
0.35541699999998855
8.378044000000045
0.3536870000000363
0.35779200000001765
12.103591000000051
5.244285999999988
0.3491349999999329
18.740308000000027
0.35003899999992427
0.3492039999999861
0.36037999999996373
4.712165000000027
9.11877400000003
16.741370000000074
0.34831599999995433
0.35195499999997537
9.334917999999902
17.11309499999993
0.34332499999993615
0.34825499999999465
11.56087100000002
0.35326199999997243
0.3536910000000262
0.3560059999999794
0.3549480000000358
0.3569390000000112
16.65728999999999
9.861402999999996
0.3537700000000541
0.357434000000012
0.3536420000000362
17.639444000000026
8.798017999999956
11.336137000000008
5.538380000000075
====Insertion Sort====
7.158833999999956
4.483602000000019
4.400997000000075
4.400433000000021
4.3981399999998985
4.393100000000004
5.491633999999976
4.463881000000015
4.316350000000057
4.4179940000000215
4.432737999999972
4.479364999999916
4.537180000000035
4.494959999999992
4.572849000000019
4.410797000000002
4.4387420000000475
4.389308000000142
4.40520000000015
4.36037199999987
4.444770000000062
4.470295000000078
4.395933000000014
4.423290000000179
4.424204000000145
4.402987999999823
4.446014000000105
4.437995999999885
4.440695000000005
4.401479999999992
4.44802199999981
4.460588000000143
4.522153000000117
4.470571999999947
4.473400000000083
4.522670000000062
4.3786300000001575
4.531960000000026
4.528638000000001
4.445756999999958
4.466003000000001
4.4560109999999895
4.384260999999924
4.426825000000008
4.27550199999996
4.432749999999942
4.351765999999998
4.433700999999928
4.378130000000056
4.403000999999904
4.336651999999958
4.405987000000096
4.422397000000046
5.519109999999955
4.576612999999952
4.639993999999888
4.343362999999954
4.413577999999916
4.378155000000106
4.427079999999933
4.462017999999944
4.398369000000002
4.4150529999999435
4.441518999999971
4.4810110000000805
4.438481999999794
4.38555899999983
4.468306999999868
4.391787999999906
4.4679000000001
4.4165629999999965
4.4678989999999885
4.45294899999999
4.369715000000042
4.4427160000000185
4.410223000000087
4.454543999999942
4.524345000000039
4.325012000000015
4.462179000000106
4.40901400000007
4.396574999999984
4.375428000000056
4.400714999999991
4.413747000000058
4.360815000000002
4.393984000000046
4.38743199999999
4.388868000000002
4.289058999999952
4.4301419999999325
4.409891000000016
4.399255000000039
4.388693999999987
4.407427000000098
4.385813000000098
4.454991000000064
4.404430999999931
4.456316000000015
4.407222000000047
====Radix Sort====
24.572742999999946
1.0487769999999728
1.8346020000001317
1.2153229999998985
1.7427119999999832
1.0713909999999487
1.1853719999999157
1.0420899999999165
0.901546000000053
0.7412620000000061
0.7134140000000571
0.7103540000000521
0.9564110000001165
0.7154089999999087
0.71956699999987
0.7257179999999153
0.8659860000000208
0.7089679999999134
0.7099319999999807
0.7097380000000157
0.7404239999998481
0.8413900000000467
0.7113090000000284
0.7079989999999725
0.7080079999998361
0.7080650000000333
0.8546850000000177
0.7079499999999825
0.7072399999999561
0.8375919999998587
0.701186000000007
0.705782999999883
0.7055869999999231
0.8359019999998054
0.707349000000022
0.8402100000000701
0.7073120000000017
0.7101290000000517
0.7123139999998784
0.7135160000000269
0.8280250000000251
0.7116700000001401
0.7026260000000093
0.7095679999999902
0.837052999999969
0.707548000000088
0.7112230000000181
0.7073060000000169
0.8471150000000307
0.7176159999999072
0.713416000000052
0.7159810000000562
0.7139709999999013
0.8421209999999064
0.7084010000000944
0.708276000000069
0.7087699999999586
0.838425000000143
0.7176210000000083
0.7070860000001176
0.7074279999999362
0.8370249999998123
0.7057350000000042
0.703710000000001
0.7432479999999941
0.8431759999998576
0.724427999999989
0.7155310000000554
0.7059340000000702
0.7104320000000826
0.8415999999999713
0.7141750000000684
0.7134909999999763
0.7135650000000169
0.833321000000069
0.7197810000000118
0.7040790000000925
0.7054040000000441
0.8381349999999657
0.7083270000000539
0.7076730000001135
0.7093030000000908
0.8359969999999066
0.7125269999999091
0.7125699999999142
0.7104999999999109
0.7101529999999912
1.1913520000000517
0.7191069999998945
0.7162909999999556
0.7227740000000722
0.8147649999998521
0.8927449999998771
0.9027580000001763
0.8927459999999883
1.0652840000000197
0.7269680000001699
0.7182199999999739
0.7289260000000013
0.7266099999999369
====Merge Sort====
3.9768759999999475
3.7033980000001065
2.789749000000029
3.147657999999865
1.8064070000000356
2.788245000000188
2.1514599999998154
1.8061219999999594
1.975994000000128
1.7847889999998188
1.917272000000139
1.7647139999999126
1.9361679999999524
1.7437210000000505
1.912588999999798
1.755384999999933
1.9055390000000898
1.7553330000000642
1.9326059999998506
1.986662000000024
1.7634060000000318
1.9156600000001163
1.756183000000192
1.758632999999918
1.8986079999999674
1.7468270000001667
1.7524829999999838
1.894412999999986
1.749456999999893
1.8916770000000724
1.760821999999962
1.900124999999889
1.7499699999998484
1.8996270000000095
1.7546259999999165
1.9258520000000772
1.7526729999999588
1.9028829999999743
1.7571330000000671
1.8908429999999044
1.7899329999997917
1.8981710000000476
1.7618059999999787
1.8953209999999672
1.7528729999999086
1.889742999999953
1.7628199999999197
1.898815999999897
1.8967509999999947
1.7479840000000877
1.890671999999995
1.7489180000000033
1.88761199999999
1.74675000000002
1.8872059999998783
1.7566180000001168
1.9044879999999011
1.7957530000001043
1.8925090000000182
1.754694999999856
1.899108999999953
1.7506980000000567
1.9018300000000181
1.751935999999887
1.9230439999998907
1.7458380000000489
1.888101000000006
1.7420199999999113
1.885934000000134
1.8933099999999286
1.7508269999998447
1.8813189999998485
1.7612199999998666
1.8976450000000114
1.7541439999999966
1.8952389999999468
1.7500690000001669
1.8931410000000142
1.7435279999999693
1.922982999999931
1.747624999999971
1.89745999999991
1.7560379999999896
1.888307000000168
1.7526609999999891
1.9013720000000376
1.7493580000000293
1.8821009999999205
1.746849999999995
1.8977800000000116
1.8899469999998928
1.7447250000000167
1.8865670000000136
1.7476540000000114
1.9240179999999327
1.7536569999999756
2.777674000000161
1.7847900000001573
2.0348810000000412
1.777219999999943
====Bubble Sort====
44.462383000000045
39.780997999999954
39.26189199999999
39.21010299999989
40.52716299999997
39.45086400000014
39.198113999999805
39.748527999999624
39.71202099999982
39.74780099999998
39.83455300000014
39.896266000000196
39.29482400000006
39.68017899999995
39.89156899999989
39.12594399999989
39.24420999999984
39.63808599999993
39.67975800000022
39.57759699999997
39.623133999999936
39.88386999999966
39.942803999999796
39.54345000000012
39.39276599999994
39.34009700000024
39.42874099999972
39.44212800000014
40.837700999999925
40.25389899999982
39.70121399999971
39.81588200000033
39.70152800000005
40.4611560000003
39.79349600000023
39.63490899999988
39.92826399999967
39.49794499999962
39.43578699999989
40.16029100000014
39.75634100000025
40.26597600000014
39.480441999999584
39.64641500000016
40.12410499999987
39.2386120000001
39.48874499999965
39.80674100000033
40.20996100000002
39.29108300000007
39.64784099999997
39.73419700000022
40.17181400000027
39.87722500000018
40.03378500000008
41.982870000000275
39.53972900000008
41.46560700000009
41.72068799999943
40.277822999999444
39.651723999999376
39.949797999999646
39.53263000000061
39.61555000000044
39.81015099999968
40.05489000000034
39.37296400000014
39.76060899999993
39.34747100000004
39.722678999999516
39.5839849999993
39.9540420000003
39.636123000000225
39.38810299999932
40.22027799999978
39.87235199999941
39.82810700000027
40.009453000000576
39.738304999999855
40.575864999999794
42.30342400000063
39.45584299999973
39.71836899999926
39.37722000000031
39.69798300000002
39.50468600000022
39.67932000000019
39.75212899999951
39.99767799999972
39.90186300000005
39.68541499999992
40.07701799999995
39.959264000000076
40.03711000000021
39.54416500000025
39.910617999999886
39.73815300000024
40.22276499999953
40.191930999999386
40.04895899999974
