====Quick Sort====
18.9964820000341
16.9328810000025
19.0552279999565
2023.01942899999
1176.765929
17.9360420000876
1225.12203899998
17.9268910000019
1483.59525499995
2697.18240500004
17.1900280000727
16.6513699999769
1553.54736799995
17.3095599999442
1340.35874599999
16.6380230000414
15.9470619998956
17.2084519999771
1426.43136800007
1678.3481729999
17.1709389999251
16.6819140000598
790.614397000013
2997.901523
3098.38240900001
923.819228999946
2367.08387800002
18.4371159999728
1659.42722500006
16.6092370000115
844.82183800003
17.1128980000503
1080.80819199995
2109.98110399998
1563.507899
1139.45390899994
2243.556055
16.5338009999232
1750.41877599995
17.0781090000673
1021.34453100007
1467.68099400003
16.632894000054
1309.74792999996
18.1844829999136
1269.37871600001
16.6583799999671
16.2298149999742
2979.78844199997
1997.58615300004
1504.84943100003
16.0136120000516
17.7516539999942
632.109401999969
1973.76068699998
17.9627809999374
1508.88527299992
17.4016979999578
17.584491999969
1545.77226499998
3106.92455100002
920.619264999914
16.8190279999862
15.8800489999749
1161.94711399999
17.7640870000459
1352.39558199999
15.9066180000309
18.0447239999921
2032.02593900005
823.665957999992
17.0025529999975
3106.39268399996
17.806491999977
17.0870230000446
15.9446100000196
732.290832999979
2815.55500299999
1476.28250199989
16.9138919999341
17.096590000051
1515.69321500006
2827.35958700005
15.8544280000115
17.2237060000953
1892.19726500005
17.9410680000274
17.0029249999288
18.0611560000443
18.5938810000152
16.7803680000134
2760.93055599995
17.8355719999672
1603.70983600001
17.2155010000097
16.985079000051
2890.27919500006
1377.94696399999
1871.836949
872.981706000019
====Insertion Sort====
534.028200999956
549.019217000023
533.348176000004
534.002765999958
538.04388399999
534.882766999999
536.340016000054
542.352255999958
523.460874999955
536.127882999949
542.855545000066
543.39815600008
538.323924999986
547.656665999966
544.154523999964
533.545345999983
541.770936000034
531.102854999972
534.589288000006
533.216774000039
537.763043000041
541.099815000052
540.539463999949
534.307445000081
535.507413000005
538.910885000064
537.655083000004
534.209830000009
540.387803000044
536.14354900003
539.411212999994
549.484022999991
542.198121000069
538.269119999995
546.889093000004
536.711335999939
530.739153000013
538.606942999991
532.933555
528.511961000049
534.550099999933
540.255296000055
531.459941999969
543.780094999988
517.171050000002
536.441819000061
531.962119000013
537.359189000085
529.716428000029
541.02942999998
525.993416000006
533.296872000051
542.473771000004
537.227546000054
535.949395999978
539.67554999997
522.146432
534.294936000038
538.002461000019
530.446242000039
537.739466000062
536.263843000029
528.947807000009
527.754905999927
553.183227999966
536.815065000042
534.556722000048
546.786171999997
531.160027000055
538.30407199996
541.937338000025
541.202663000035
535.914612000056
537.565121999933
532.70329999998
533.301090000009
542.836665999971
536.815083999954
522.662550000064
546.070235999991
532.009023000001
534.241025999904
535.175728000013
529.642596999906
533.115833000011
534.041143999957
531.967025999961
532.689961000074
537.031759999991
519.632718000025
534.387484000035
538.95758200008
531.862121000017
531.462880999925
540.744773000029
529.23987600002
538.000337999961
538.881586000002
541.442175999919
533.420795000097
====Radix Sort====
15.9427380000352
14.5194710000851
14.2800390000275
14.1504839999698
14.6251749999919
14.277495999977
14.2004209999413
14.2599660000542
14.2538250000825
14.1149099999893
14.2636119999224
14.3103320000364
14.0067659999659
14.1103489999068
16.6061099999979
13.9667330000748
14.1538990000072
14.123670999993
13.9791180000657
14.1135249999707
14.1153019999365
13.9656850000165
14.1215219999822
14.1409999999951
13.9722850000226
14.1138499999443
14.1148440000052
13.9781860000312
14.1157460000159
14.1571259999864
14.0582590000804
14.1247560000011
14.1099800000575
13.9843660000452
14.1195189999053
15.4696350000449
14.0602440000066
14.1626099999712
14.1141000000289
14.0182100000175
14.1210599999795
14.1793860000234
13.9884520000351
14.1468449999138
14.1127310000684
14.0115799999876
14.1304869999885
14.1300960000308
14.1172120000874
14.1565769999943
14.1175820000399
13.9931859999933
14.1531479999912
14.1361510000024
14.1675779999559
14.2312499999662
14.1663080000853
13.9955939999936
14.5047319999776
14.1392809999843
13.9802190000182
14.146181000001
14.1141039999866
14.0243999999257
14.097946999982
14.1345980000551
14.0331809999452
14.1385790000186
14.1058629999407
13.998837000031
14.1159209999842
15.625165000074
14.0272899999445
14.1221099999029
14.1079400000308
15.1309810000839
14.1070939999963
14.2068569999765
13.9630339999712
14.213122000001
14.1149940000105
14.0010730000313
14.104409999959
14.1595720000396
13.9676300000247
14.1275270000278
14.1658869999901
13.9943210000411
14.1130060000023
14.1702529999748
13.9931700000488
14.1510749999725
14.1044999999167
13.9961510000148
14.1207450000138
14.1333440000153
13.9620840000134
14.1426610000508
14.1013039999507
14.0008369999123
====Merge Sort====
27.6403450000089
26.53758200006
27.2033659999806
26.5644020000764
27.9310899999246
26.605582000002
26.8318229999522
26.6198969999323
27.0107389999339
26.611398
27.3747280000407
26.675725999894
26.9314219999615
26.5831059999755
26.8706809999912
26.6127720000213
27.2970299999997
26.6200070000195
26.9339720000517
26.6330619999735
29.3901229999847
26.6415889999507
26.8589559999555
26.6420869999138
28.3555889999434
26.8810910000639
26.979482999991
26.6715709999517
26.9774040000357
26.6573760000028
27.1116359999723
26.6893349999009
27.0318059999681
26.7429689999972
26.9657000000052
26.6790080000874
27.0017670000016
26.6411610000432
26.9149499999912
26.6653930000302
27.0635159999983
26.6722860000073
26.9941799999742
26.7758269999376
26.990842000032
27.4024909999753
26.9762460000038
26.7037359999449
27.0273869999755
26.7178619999413
26.9898010000134
26.7294330000141
26.9262980000349
26.6425899999376
26.9399270000577
27.8347460000532
27.0060190000549
26.9391379999888
26.9725849999531
26.7177519999677
27.046380999991
26.6496589999861
26.9554029999881
26.6956609999625
27.0172870000351
28.0986640000265
27.0286620000206
26.7046010000058
27.1434099998942
26.6715259999728
26.9567440000174
27.0357539999395
27.087533000099
26.7069279999532
26.965179000058
26.7037840000057
27.0481109999992
26.8429300000435
26.979790999917
26.6888369999378
27.0265579999887
26.7332419999775
27.009291000013
26.7171090000602
27.0148600000084
28.0734059999759
27.1114790000411
26.698926999984
26.9742230000247
26.6681619999645
29.3874369999685
26.7440669999814
27.0163710000588
26.7259500000137
27.0132249999051
26.7675290000398
27.0484320000151
26.7332170000145
26.9621539999889
27.6460310000175
====Bubble Sort====
2599.11516900002
2597.45118800004
2624.64732900003
2593.63601899997
2609.95170399997
2634.22322899999
2613.2533870001
2634.71842600006
2664.34743600007
2616.25667599992
2618.88362800005
2689.11682599992
2593.63921800002
2672.19208500001
2607.46431299992
2577.72450499999
2571.96776499995
2684.19377299995
2617.16088800006
2611.29398700007
2637.59805200004
2637.31998700007
2591.910515
2651.62133699994
2594.00236299996
2605.73443099997
2641.84830700003
2619.95906100003
2607.77006600006
2715.96932399996
2611.05158400005
2608.37330200002
2670.95109000002
2605.61296899994
2643.7743140001
2626.24852300007
2624.39874400002
2609.82073500008
2622.02665300003
2615.96686300004
2613.37408500003
2673.07316999995
2573.28518599991
2597.77153300001
2606.65646099994
2592.99913000007
2607.98856100007
2630.90338899997
2607.45859799999
2622.279542
2666.83522100004
2563.99956099995
2630.09955300004
2620.58227699993
2618.84215999999
2591.20057300004
2645.199972
2721.69394000002
2764.20262500005
2794.70204100005
2747.15334300004
2609.71914800007
2646.84024000007
2624.03640000002
2618.80752599996
2629.68261699984
2610.63913400017
2589.52838499999
2609.53434499993
2612.39969100006
2594.74920599996
2646.258171
2617.90357000018
2600.96312000019
2617.57162799995
2591.048043
2600.78037199992
2654.07169399987
2600.04508899988
2764.73500600014
2673.93663500002
3498.43175499996
2782.98396800005
2613.59482100011
2581.75357499999
2619.86642099987
2655.25478100017
2587.73767000002
2603.79430300009
2645.36971899997
2639.63662000015
2622.68900399999
2638.96336399989
2578.88463699987
2616.03020500002
2631.74581299995
2578.35712799988
2638.06410799998
2628.744654
2598.85836300009
