====Quick Sort====
5.237645
4.814386
5.681558
655.575592
380.413025
5.110967
396.701116
5.165443
474.477855
869.316761
4.963068
4.715899
503.034204
4.969603
429.022127
4.783521
4.56995
4.89544
461.46265
541.611251
5.297262
4.903331
255.65248
956.908262
1000.680405
296.875215
753.691956
5.332927
535.503883
4.676852
271.098718
4.912128
345.006215
680.858379
503.690456
362.973746
723.044757
4.727486
560.697209
4.949771
324.672674
467.529503
4.77615
422.297984
5.120971
410.105385
4.787647
4.583234
962.330421
644.362767
480.133205
4.592208
5.160719
201.298108
634.119286
5.167431
480.518856
4.962758
4.939783
489.077527
1005.035309
298.625055
4.725784
4.521559
371.888317
5.030073
434.575704
4.524423
5.103411
640.641205
263.93927
4.753477
1002.232634
5.132173
4.867226
4.653671
238.229832
892.75152
475.73126
4.92081
4.822178
487.743254
913.158201
4.455831
4.98031
611.129127
5.049359
4.878591
5.242737
5.312774
4.831451
891.991503
5.025387
515.871843
4.939957
4.80322
933.359507
445.053334
595.268254
281.034979
====Insertion Sort====
296.632641
300.149558
296.870781
297.594629
296.178335
295.758919
299.597951
296.68119
290.077814
297.47977
300.46009
301.343956
298.609649
301.670912
300.894366
296.808385
298.787258
295.222829
296.665709
293.85247
298.198091
300.551828
295.990347
298.919543
296.246941
295.845764
299.485895
299.605099
296.105431
298.676873
302.000572
300.324822
301.188508
299.76731
303.131216
298.20467
294.767286
297.711296
296.51804
292.86646
295.40675
299.898111
295.845771
298.133514
289.528604
298.588985
292.561786
297.888478
294.236333
296.592565
291.604146
298.761734
297.638299
300.953408
299.511446
296.545646
291.121281
296.849112
296.808861
294.619745
298.749769
296.078991
293.240387
294.462519
301.654026
301.289104
295.434087
300.783026
295.382733
299.99658
297.886205
302.981735
298.190576
294.615319
297.154676
295.653491
298.202532
297.876498
293.222053
299.855416
296.381314
295.745973
295.309625
295.190628
297.914405
295.070736
296.775245
295.055898
295.16906
289.241348
296.962416
296.38769
298.258722
295.836635
296.717906
294.966695
300.040732
296.06312
299.929975
298.852959
====Radix Sort====
4.369677
4.353981
4.353656
4.375865
4.353033
4.348444
4.356875
4.349101
4.350989
4.402362
4.374598
4.348642
4.349984
4.349849
4.348235
4.349158
4.370949
4.347027
4.350375
4.376135
4.398881
4.350306
4.351218
4.370871
4.348245
4.349064
4.347155
4.347723
4.349764
4.349354
4.373466
4.349832
4.360337
4.346663
4.349641
4.348942
4.347871
4.35996
4.353209
4.352099
4.355129
4.355922
4.35456
4.393404
4.349349
4.349094
4.348512
4.348206
4.347857
4.348471
4.375396
4.349781
4.351693
4.350338
4.349071
4.347971
4.349362
4.371549
4.35593
4.34797
4.348939
4.350128
4.350243
4.37341
4.349606
4.347754
4.348794
4.350554
4.347508
4.348112
4.370271
4.35722
4.34994
4.348538
4.350017
4.348558
4.34942
4.370545
4.34791
4.347654
4.348301
4.346554
4.349904
4.349527
4.379436
4.347196
4.347966
4.347574
4.349092
4.34867
4.37038
4.348271
4.351207
4.353487
4.349623
4.349845
4.348415
4.37677
4.348004
4.347557
====Merge Sort====
9.016762
9.005059
9.026878
9.004672
9.002019
9.047639
9.008451
9.010507
9.008434
9.048022
9.02645
9.027125
9.059603
9.050504
9.024788
9.043639
9.022519
9.016841
9.01954
9.038413
9.032458
9.012497
9.038508
9.015953
9.008035
9.0235
9.04129
9.016553
9.018238
9.036264
9.013831
9.0109
9.098058
9.008339
9.010167
9.009433
9.034855
9.011968
10.211557
9.021928
9.013527
9.018209
9.042381
9.016483
9.012476
9.032764
9.016159
9.015861
9.014248
9.034025
9.003154
9.031561
9.046807
9.005472
9.008773
9.014459
9.153453
9.427543
9.247239
9.184669
9.030117
9.012101
9.040694
9.012894
9.014442
9.009293
9.03698
9.052228
9.01559
9.032838
9.009134
9.010762
9.0388
9.058119
9.012279
9.013519
9.032656
9.010257
9.206892
9.037249
9.0297
9.21332
9.025555
9.041952
9.011684
9.002311
9.001941
9.031651
9.009946
9.004744
9.031818
9.007618
9.021182
9.028041
9.013463
9.008674
9.00826
9.033617
9.047839
9.066156
====Bubble Sort====
862.295015
861.106336
860.447243
861.958332
865.925433
865.035576
869.190799
870.636837
892.008373
881.698466
865.126866
875.250079
863.707771
926.563413
853.268885
858.793516
856.509848
870.515037
869.625212
865.795747
866.027032
872.218154
859.077743
865.294547
864.964914
862.338479
863.880052
869.048725
865.915742
872.017511
864.760373
864.496787
872.966191
866.943099
872.866324
861.859073
869.882588
864.665546
859.109499
867.213759
869.739873
874.049668
858.847248
860.453198
855.711634
865.289102
863.713885
862.190914
866.668912
867.092893
873.024401
856.970605
870.429805
859.789457
871.27806
858.908705
863.606944
869.174147
871.246975
857.738427
867.697557
863.461468
866.177251
869.849229
866.281111
861.650631
868.634713
861.130084
857.001468
867.064275
859.783362
867.011715
871.065877
861.938388
859.138066
859.998639
864.487439
868.783709
863.736533
868.445328
865.317747
864.583881
862.355739
855.816073
859.493847
862.870814
868.491865
859.827988
862.399473
866.546279
870.824953
867.506896
864.089482
860.759131
866.832795
863.141071
860.744528
873.225022
864.14847
864.955278
