====Quick Sort====
2.987
2.806
2.853
2.457
3.604
3.353
2.463
2.71
3.542
2.452
2.82
2.54
2.67
2.488
2.597
3.142
2.676
2.644
2.64
2.362
2.85
2.101
2.283
2.524
2.281
2.181
2.58
1.924
1.926
1.853
2.228
2.48
2.538
2.6
2.189
2.596
2.261
2.374
3.224
2.962
3.162
2.666
2.645
2.689
2.575
2.437
2.549
2.519
2.772
2.621
2.65
2.447
2.96
2.432
2.268
2.301
2.106
2.498
2.183
2.186
2.553
2.319
2.1
1.951
2.22
2.981
2.775
2.378
2.592
2.854
2.982
2.463
2.22
2.435
2.571
2.262
2.043
2.36
4.064
4.077
3.479
3.619
4.08
5.69
5.594
5.487
5.081
4.309
3.523
4.272
4.596
2.128
2.374
2.266
2.047
2.132
2.059
2.036
2.126
2.344
====Insertion Sort====
78.349
75.596
77.185
84.556
75.678
76.856
77.478
84.704
74.178
70.206
70.627
71.124
69.553
69.578
69.412
72.947
72.035
69.569
69.568
69.882
69.025
69.294
69.352
72.226
71.56
70.0
69.705
70.375
69.63
71.641
69.69
68.916
71.919
73.929
70.074
69.763
70.138
69.304
72.659
71.441
72.858
69.97
69.633
71.315
69.192
70.636
70.588
69.771
69.598
69.666999999999
70.259999999999
69.762
70.6
69.375000000001
68.69
78.698
72.579999999999
73.682
69.585
77.265
74.902
76.497
75.768
77.576
75.921
79.261
82.737
81.492
73.683
69.404
72.238
73.284
73.812
76.460000000001
79.426
77.86
78.322999999999
78.584
77.661
76.554
74.739
70.869
69.166999999999
77.829
80.068000000001
70.401
70.256
69.351
72.201
71.804
69.857000000001
69.085
69.879
69.998
69.224
69.734
68.979
71.944
70.914
71.062
====Radix Sort====
2.5440000000003
2.2330000000004
2.2459999999995
2.2329999999995
2.2280000000006
2.2229999999999
2.2250000000001
2.2209999999996
2.224
2.2180000000001
2.2449999999994
2.3260000000001
2.2409999999997
2.2970000000004
2.2180000000001
2.2929999999999
2.3140000000001
2.2589999999996
2.224
2.2200000000003
2.2190000000002
2.2929999999999
2.2249999999993
2.2199999999994
2.5570000000004
2.3569999999999
2.3590000000002
2.2840000000004
2.2779999999996
2.2719999999996
2.2729999999997
2.2739999999999
2.2760000000002
2.2760000000002
2.2249999999993
2.2200000000003
2.224
2.2180000000001
2.2200000000003
2.2340000000005
2.224
2.2389999999994
2.2280000000006
2.2229999999999
2.2380000000002
2.2199999999994
2.2209999999996
2.2210000000005
2.224
2.2260000000003
2.2640000000003
2.2250000000001
2.23
2.2210000000005
2.2260000000003
2.3499999999999
2.243
2.23
2.2279999999997
2.2250000000001
2.2269999999995
2.2219999999997
2.2330000000004
2.2289999999998
2.2289999999998
2.2190000000002
2.224
2.224
2.2209999999996
2.2219999999997
2.2250000000001
2.224
2.2210000000005
2.8559999999995
2.2830000000003
2.2739999999999
2.3369999999989
2.2799999999989
2.2500000000001
2.2200000000012
2.222999999999
2.2230000000008
2.2199999999994
2.2280000000006
2.224
2.345
2.2939999999991
2.2169999999999
2.2400000000005
2.2320000000011
2.2230000000008
2.2320000000011
2.2389999999994
2.4379999999997
2.3970000000002
2.3509999999991
2.2940000000009
2.262
2.3939999999989
2.2249999999993
====Quick Sort====
3.258
2.98
3.787
2.669
3.216
3.23
2.532
2.89
3.142
2.852
2.288
2.405
2.991
2.708
2.572
2.642
2.655
2.633
2.78
2.206
2.164
2.499
2.087
1.965
2.58
2.248
2.131
2.701
2.2
2.121
2.766
2.14
2.088
2.771
2.12
2.413
2.352
2.208
2.154
2.086
2.228
2.564
2.11
2.371
2.69
2.085
2.308
2.936
2.219
2.291
2.62
2.303
2.341
2.312
2.266
2.201
2.312
2.366
2.248
2.271
2.213
2.563
2.118
2.18
2.231
2.483
2.179
2.57
2.15
2.159
2.618
2.139
2.031
2.387
2.164
2.225
2.387
2.247
2.395
2.603
2.38
2.165
2.311
2.191
2.161
2.462
2.069
2.157
2.263
2.165
2.302
2.342
2.334
2.283
2.277
2.261
2.089
2.1
2.228
2.254
====Insertion Sort====
84.175
83.03
82.573
84.461
79.955
80.797
78.567
80.001
79.457
73.848
72.191
73.761
69.686
71.292
68.39
69.819
70.914
72.251
71.903
72.623
68.452
71.248
69.981
71.444
70.606
71.397
70.223
73.982
70.002
72.907
69.086
70.411
74.066
73.656
68.406
73.288
76.726
72.655
71.758
72.63
72.373
73.089
69.655
76.052
69.705
72.025
70.502
70.745
68.251
69.901
70.196
72.503
71.045
70.507
68.646
77.246
69.288
70.853
69.236
70.432
71.977
71.041
69.771
69.981
70.338
71.155
67.768
71.274
72.928
70.987
69.091
71.435999999999
69.199999999999
70.241
69.357999999999
70.176
72.12
76.351
73.046
69.986
70.484
71.566
69.312
70.593000000001
70.128
73.962
70.133
70.98
68.796
71.809
70.5
72.064
69.882
73.447000000001
69.881
71.569999999999
69.345
70.433
70.075
70.439
====Radix Sort====
2.3869999999997
2.2280000000006
2.237
2.2260000000003
2.2190000000002
2.224
2.224
2.2180000000001
2.2210000000005
2.2409999999997
2.2270000000004
2.224
2.2220000000006
2.2250000000001
2.2200000000003
2.2210000000005
2.2630000000001
2.2189999999993
2.2200000000003
2.2209999999996
2.2250000000001
2.2190000000002
2.2219999999997
2.2169999999999
2.4509999999998
2.3080000000002
2.224
2.2219999999997
2.2169999999999
2.2159999999998
2.2200000000003
2.2170000000008
2.2180000000001
2.2200000000003
2.2219999999997
2.2250000000001
2.2190000000002
2.2220000000006
2.2209999999996
2.2169999999999
2.2210000000005
2.2180000000001
2.2830000000003
2.4370000000005
2.5969999999997
2.3960000000001
2.2849999999996
2.3230000000005
2.3
2.3309999999999
2.2580000000003
2.2180000000001
2.2190000000002
2.3580000000001
2.4420000000003
2.2969999999995
2.2180000000001
2.2219999999997
2.2190000000002
2.2899999999995
2.3339999999994
2.2650000000004
2.2270000000004
2.2169999999999
2.2890000000002
2.2880000000001
2.2229999999999
2.2950000000002
2.2219999999997
2.2570000000002
2.2190000000002
2.2169999999999
2.2179999999992
2.2159999999998
2.2150000000005
2.2200000000003
2.2250000000001
2.2230000000008
2.2219999999997
2.2210000000005
2.2180000000001
2.2169999999999
2.2180000000001
2.2180000000001
2.2190000000002
2.2209999999996
2.2219999999997
2.2640000000003
2.2190000000002
2.2229999999999
2.2210000000005
2.2169999999999
2.2200000000003
2.2180000000001
2.2199999999994
2.2199999999994
2.2230000000008
2.2229999999999
2.2210000000005
2.2180000000001
====Merge Sort====
5.2490000000001
5.1620000000003
5.0869999999996
5.3359999999998
5.3279999999996
5.1710000000007
5.075999999999
5.1839999999999
5.3000000000001
5.1729999999992
5.3049999999999
5.3210000000004
5.3060000000009
5.4529999999993
5.2749999999993
5.7080000000003
5.6609999999999
5.1690000000004
5.5209999999999
5.4740000000013
5.4870000000005
5.395
5.1879999999986
5.7749999999999
5.7589999999994
5.8929999999986
5.9389999999997
5.9979999999999
5.7729999999996
5.6890000000003
5.7919999999996
5.9190000000005
5.6589999999996
5.8930000000004
5.9229999999992
5.7210000000012
5.3640000000001
5.8589999999992
5.4979999999993
5.5949999999996
6.1129999999991
5.6799999999999
5.5759999999996
5.9529999999999
5.6239999999992
6.0359999999999
6.4890000000002
6.5039999999996
6.0059999999993
5.9729999999991
5.9260000000005
6.0269999999996
5.5399999999999
6.0769999999994
6.0070000000003
5.9109999999993
5.6080000000005
6.1879999999999
5.7939999999999
5.8290000000003
5.9450000000005
5.9430000000003
5.7519999999993
5.6529999999988
6.1929999999997
5.8129999999998
5.6149999999988
6.0169999999999
5.8489999999995
5.9360000000002
5.726000000001
5.8179999999997
6.0079999999996
5.6719999999988
6.2169999999995
6.0329999999986
5.5569999999996
7.3870000000014
6.3710000000015
6.2670000000011
5.782
6.1289999999996
6.0579999999995
5.7110000000016
5.6739999999991
6.1520000000002
6.1630000000008
5.6670000000008
5.9100000000001
5.8159999999994
5.8489999999995
6.1090000000004
6.1440000000008
5.8340000000001
5.7770000000001
6.0249999999993
6.1049999999998
5.6359999999991
5.8869999999995
5.846
====Bubble Sort====
273.69
284.77
276.617
331.828
279.933
286.314
278.191
264.065
261.296
268.777
316.925
259.031
266.952
266.6
260.753
289.696
273.13
284.021
288.282
291.365
281.844
310.322
278.957
292.694
286.002
282.583
260.207
264.241
259.256
263.569
255.051
264.512
261.262
260.661
265.35
261.247
259.961
259.812
260.364
259.207
263.387
263.437
261.057
262.308
261.847
264.267
260.204
265.967
266.014
262.311
263.914
264.815
265.84
264.601
268.778
263.073
268.438
264.693
264.731
268.553
262.952
267.493
266.261
267.541
265.75
266.066
263.357
269.904
269.301
265.722
268.659
265.825
268.24
267.275
266.6
267.309
266.303
270.284
267.679
271.085
267.537
270.971
267.153
268.851
266.604
270.908
267.224
268.725
270.728
266.374
269.509
271.223
271.119
266.815
270.925
270.043
264.502
270.37799999999
267.794
270.54800000001
