====Quick Sort====
0.30515199999999997882
0.41625600000000001488
0.3660800000000000165
9.7871360000000002799
5.1491839999999999833
0.28083200000000002605
5.4571519999999997808
0.28262399999999998634
6.2481920000000004123
11.590144000000000446
0.30694399999999999462
0.27648000000000000353
6.5738240000000001118
0.2839039999999999897
5.6614399999999998059
0.27878399999999997627
0.28185599999999999543
0.28364800000000001123
6.0523519999999999541
7.0589440000000003295
0.28825600000000001222
0.27776000000000000689
3.5084800000000000431
12.238336000000000325
12.754687999999999803
4.017920000000000158
10.235136000000000678
0.28774399999999999977
7.0059519999999997353
0.28108800000000000452
3.7155840000000002199
0.29260799999999997922
4.6169599999999997308
8.7685119999999994178
6.6042880000000003804
4.8432639999999995695
9.3155839999999994205
0.28518399999999999306
7.2673280000000000101
0.28134399999999998299
4.3965439999999995635
6.1619200000000002859
0.28671999999999997488
5.6832000000000002515
0.33587200000000000388
5.5142400000000000304
0.27776000000000000689
0.27929599999999998872
12.358143999999999352
8.4787199999999991462
6.30400000000000027
0.27980800000000000116
0.28467199999999998061
2.8336640000000001827
8.2181119999999996395
0.28364800000000001123
6.4330239999999996314
0.28288000000000002032
0.30950400000000000134
6.5648640000000000327
12.813055999999999557
4.018176000000000414
0.28416000000000002368
0.28134399999999998299
5.0698239999999996641
0.31564799999999998414
5.7333759999999998058
0.28185599999999999543
0.28262399999999998634
8.466176000000000812
3.6464639999999999276
0.28006399999999997963
13.448703999999999326
0.28185599999999999543
0.28646399999999999642
0.27366400000000001835
3.2878080000000000638
11.42911999999999928
6.2978560000000003427
0.30822399999999999798
0.28057599999999999207
6.4522240000000001814
11.672064000000000661
0.27776000000000000689
0.28160000000000001696
7.8991360000000003794
0.2856960000000000055
0.28032000000000001361
0.2856960000000000055
0.28160000000000001696
0.28185599999999999543
11.399680000000000035
0.28467199999999998061
6.7420159999999995648
0.2821119999999999739
0.28416000000000002368
11.907583999999999946
5.8705920000000002545
7.857152000000000136
3.8292480000000002072
====Insertion Sort====
3.3607680000000001996
3.4114559999999998219
3.1976960000000000939
3.241216000000000097
3.1861760000000001192
3.1905280000000000307
3.2396799999999998931
3.2015359999999999374
3.133439999999999781
3.249407999999999852
3.2606720000000000148
3.6167679999999999829
3.4165760000000000574
3.2663039999999998741
3.2778239999999998489
3.3377279999999998061
3.1941120000000000623
3.1905280000000000307
3.2240639999999998189
3.1557119999999998505
3.2089599999999998126
4.6543359999999998067
4.8706560000000003186
4.4449279999999999902
4.2629120000000000346
3.6751360000000001804
3.2299519999999999342
3.2079360000000001207
3.2238080000000000069
3.2166399999999999437
3.2793600000000000527
3.2785920000000001728
3.267583999999999822
3.2519680000000001918
3.2693759999999998378
3.2117759999999999643
3.1756799999999998363
3.2271359999999997825
3.1989760000000000417
3.160320000000000018
3.1987199999999997857
3.2389120000000000132
3.1831040000000001555
3.3190400000000002123
3.1063040000000001761
3.2153599999999999959
3.1836159999999997794
3.2058879999999998489
3.1749119999999999564
3.1941120000000000623
3.1490559999999998553
3.2015359999999999374
5.6801279999999998438
3.2261120000000000907
3.3346559999999998425
3.9316480000000000317
3.240704000000000029
3.2775680000000000369
3.410175999999999874
3.3408000000000002139
3.2471040000000002124
3.2007680000000000575
3.1672319999999998252
3.169792000000000165
3.5148799999999997823
4.4441600000000001103
3.5594239999999999213
4.000256000000000256
3.8458879999999999733
3.5729920000000001679
3.2609279999999998267
4.0468479999999997787
4.1735680000000003886
3.2721919999999999895
3.2791039999999997967
3.2578559999999998631
4.3189760000000001483
3.4987520000000000842
3.2716799999999999216
3.2609279999999998267
3.5929600000000001536
3.5775999999999998913
3.3525760000000000005
3.2558080000000000354
3.2074240000000000528
3.4263040000000000163
3.5084800000000000431
3.3192960000000000242
3.3108480000000000132
3.1925759999999998584
3.4787840000000000984
3.2245759999999998868
3.6715520000000001488
3.2609279999999998267
3.2696320000000000938
3.1818240000000002077
3.213823999999999792
3.3559040000000002202
3.2340480000000000338
3.2025600000000000733
====Radix Sort====
0.4794880000000000253
0.47667199999999998461
0.52633600000000002606
0.47667199999999998461
0.50560000000000004938
0.74342399999999997373
0.5214720000000000466
0.52351999999999998536
0.52095999999999997865
0.51430399999999998339
0.5598720000000000363
0.52428799999999997627
0.52531200000000000117
0.51046400000000002883
0.47846400000000000041
0.48102400000000000713
0.48204799999999997651
0.47692800000000001859
0.49536000000000002252
0.4776960000000000095
0.49049599999999998756
0.47795199999999998797
0.47897600000000001286
0.48153600000000001957
0.47923199999999999132
0.48435200000000000475
0.4759039999999999937
0.48127999999999998559
0.67097600000000001685
0.51635200000000003318
0.51481600000000005135
0.52556800000000003514
0.51456000000000001737
0.52351999999999998536
0.52224000000000003752
0.50201600000000001778
0.50662399999999996325
0.7267839999999999856
0.47897600000000001286
0.51046400000000002883
0.47718399999999999705
0.47846400000000000041
0.50944000000000000394
0.48025600000000001621
0.50662399999999996325
0.47846400000000000041
0.47999999999999998224
0.48255999999999998895
0.48076799999999997315
0.48332799999999997986
0.49484800000000001008
0.5437440000000000051
0.60467199999999998727
0.47743999999999997552
0.4759039999999999937
0.48230400000000001048
0.47539199999999998125
0.48051199999999999468
0.47692800000000001859
0.48691200000000001147
0.48332799999999997986
0.4776960000000000095
0.48383999999999999231
0.47820800000000002195
0.5455360000000000209
0.5294079999999999897
0.51686399999999999011
0.50790400000000002212
0.50227200000000005176
0.47667199999999998461
0.52044800000000002171
0.47820800000000002195
0.48127999999999998559
0.47795199999999998797
0.48153600000000001957
0.77183999999999997055
0.47718399999999999705
0.51353599999999999248
0.50713600000000003121
0.47513600000000000279
0.50585599999999997234
0.57216000000000000192
0.47897600000000001286
0.50687999999999999723
0.5053440000000000154
0.50611200000000000632
0.47846400000000000041
0.55961600000000000232
0.51225600000000004464
0.48051199999999999468
0.48768000000000000238
0.50944000000000000394
0.50969600000000003792
0.51276800000000000157
0.47692800000000001859
0.49331199999999997274
0.50585599999999997234
0.47641600000000000614
0.77619199999999999307
0.57753600000000004933
====Merge Sort====
0.7124479999999999702
0.62463999999999997303
0.61644799999999999596
0.60518400000000005523
0.61465599999999998015
0.62310399999999999121
0.6223360000000000003
0.61132799999999998253
0.61491200000000001413
0.61516800000000004811
0.95923199999999997356
0.59238400000000002166
0.50124800000000002687
0.50764799999999998814
0.98713600000000001344
0.92748799999999997912
0.78822400000000003573
0.75212800000000001877
0.75775999999999998913
0.75545600000000001639
0.75801600000000002311
0.76236800000000004562
0.88371200000000005303
0.48127999999999998559
0.50099199999999999289
0.48153600000000001957
0.47257599999999999607
0.47488000000000002432
0.47001599999999998936
0.47718399999999999705
0.4794880000000000253
0.47795199999999998797
0.4759039999999999937
0.47206399999999998363
0.93849599999999999689
0.74495999999999995556
0.68812799999999996192
0.68633599999999994612
0.64486399999999999277
0.64307199999999997697
0.63820799999999999752
0.65177600000000002201
0.66636799999999996036
0.65433600000000002872
0.60953599999999996673
0.61439999999999994618
0.81561600000000000765
0.54425599999999996204
0.66892799999999996707
0.67020800000000002594
0.68198400000000003462
0.67481599999999997141
0.67942400000000002791
0.67174400000000000777
0.66739199999999998525
0.68019200000000001882
0.83942399999999994797
0.80102399999999995828
1.2078079999999999927
1.053952
0.88217599999999996019
0.9134079999999999977
0.79974400000000001043
0.75187199999999998479
0.75340799999999996661
0.74982400000000004603
0.759040000000000048
0.76236800000000004562
0.70374400000000003619
1.0785279999999999312
0.48076799999999997315
0.47180800000000000516
0.52224000000000003752
0.56627199999999999758
0.48588799999999998658
0.50560000000000004938
0.54937599999999997546
0.75775999999999998913
0.62848000000000003862
0.51225600000000004464
0.48332799999999997986
0.83814400000000000013
0.52863999999999999879
0.51558400000000004226
0.53017599999999998062
0.51993599999999995376
0.51123200000000001975
0.52787200000000000788
0.47436800000000001187
0.47616000000000002768
0.48460799999999998322
0.47385599999999999943
0.47820800000000002195
0.84428800000000003845
0.47667199999999998461
0.50636800000000004029
0.47513600000000000279
0.47564800000000001523
0.50380800000000003358
0.4723200000000000176
====Bubble Sort====
29.826048000000000116
23.555583999999999634
22.815743999999998692
31.449600000000000222
28.403455999999998483
25.614591999999998251
24.984832000000000818
25.028607999999998412
25.253375999999999379
25.415168000000001314
23.488255999999999801
23.636991999999999337
23.464192000000000604
22.94783999999999935
23.90604799999999841
23.238655999999998869
23.459839999999999804
22.925056000000001433
22.784255999999999176
23.086847999999999814
22.977536000000000627
23.260671999999999571
23.429632000000001568
22.923519999999999897
25.551103999999998706
24.225280000000001479
23.151104000000000127
23.024384000000001294
23.120384000000001379
25.988095999999998753
27.417343999999999937
23.62572799999999873
26.430464000000000624
25.763072000000001083
26.415359999999999729
24.692992000000000274
27.014144000000001711
25.185023999999998523
26.956800000000001205
26.95756799999999842
25.03372799999999998
27.53305599999999842
25.265920000000001266
26.92761600000000044
25.720576000000001216
26.206464000000000425
26.35391999999999868
24.934912000000000631
24.479231999999999658
24.027391999999998973
23.704575999999999425
24.439295999999998799
23.932159999999999656
23.943168000000000006
25.375744000000000966
24.659967999999999222
24.467711999999998795
25.013248000000000815
25.269248000000001042
25.008383999999999503
25.093887999999999749
25.037824000000000524
23.975168000000000035
23.245567999999998676
22.935808000000001527
22.782208000000000681
22.905087999999999226
23.108352000000000004
23.223807999999998231
25.323519999999998475
27.824895999999998963
28.20070400000000177
26.414847999999999217
35.247360000000000468
28.758783999999998571
29.104127999999999332
29.335808000000000106
33.207551999999999737
29.566463999999999857
25.954304000000000485
27.563264000000000209
27.081727999999998246
26.663935999999999638
24.855039999999998912
26.704896000000001521
25.588736000000000814
23.276544000000001233
23.118079999999999075
22.992384000000001265
22.857216000000001088
23.21228800000000092
23.295231999999998607
23.223807999999998231
23.507712000000001495
23.215872000000000952
23.378944000000000614
23.176960000000001116
23.062272000000000105
23.272960000000001202
23.847167999999999921
