====Quick Sort====
4.024
4.725
4.561
4.366
4.746
4.215
3.637
3.124
2.852
2.787
2.684
2.768
3.103
2.831
2.941
2.941
3.021
3.04
2.97
2.777
2.832
2.751
2.871
2.802
2.89
2.933
2.929
2.783
2.835
2.684
2.768
2.741
2.697
3.143
2.845
2.824
2.934
3.005
2.946
2.845
3.006
3.087
2.766
2.652
2.878
2.806
2.92
2.734
2.743
3.016
2.783
2.655
2.899
2.719
2.762
2.756
2.795
2.938
2.826
2.937
2.912
3.01
2.78
2.692
2.803
3.141
2.957
3.144
2.874
2.871
3.332
2.862
2.781
2.754
2.819
2.889
2.808
2.973
2.867
3.024
2.813
2.856
2.859
2.828
2.699
2.897
2.7
2.913
2.911
2.824
2.885
2.761
2.92
2.898
2.744
2.84
2.742
2.678
2.757
2.829
====Insertion Sort====
120.361
115.441
115.956
115.413
117.933
116.177
115.245
114.019
116.085
114.921
115.197
117.637
116.738
115.647
112.617
112.348
117.492
116.112
115.002
116.479
114.218
111.525
114.416
115.142
116.728
114.867
115.723
117.313
116.576
117.9
114.586
114.123
113.886
117.615
112.914
115.926
116.944
114.567
117.764
116.257
116.054
115.056
115.293
117.181
114.192
117.457
116.42
114.984
114.09
113.405
114.866
114.374
116.877
114.858
114.155
118.14
114.498
113.22
114.456
114.24
114.3
115.132
115.497
113.623
115.575
115.479
112.059
115.343
115.584
115.541
114.526
116.507
115.046
114.763
115.122
113.861
115.81
115.95
122.228
120.542
123.067
123.793
121.877
120.5
121.575
120.986
123.242
122.236
120.74
124.239
123.697
120.847
121.23
122.023
122.207
129.219
195.707
163.418
150.109
299.66
====Radix Sort====
5.6090000000015
8.894999999999
4.4200000000014
5.9350000000009
4.3510000000015
5.2889999999994
4.5409999999997
4.0429999999994
4.2669999999987
4.5739999999999
3.8340000000012
4.1309999999992
5.5870000000002
4.4010000000014
4.5530000000014
4.6080000000011
4.1320000000002
4.074000000001
4.5459999999995
4.0300000000002
4.1100000000007
4.4769999999996
4.3539999999993
3.8470000000004
4.0530000000008
4.6710000000001
4.2369999999998
3.9110000000004
4.5640000000002
4.0239999999994
3.9099999999994
4.2369999999998
5.2959999999995
4.4409999999999
4.5599999999997
4.722000000001
4.4719999999998
3.7859999999998
5.5619999999994
3.914
4.4280000000008
4.8300000000001
5.8590000000009
4.465999999999
5.6229999999999
4.2659999999994
3.8800000000005
5.5300000000003
3.9429999999996
4.2640000000009
5.2289999999999
4.4770000000014
3.8830000000001
5.0260000000009
4.3670000000002
4.4079999999997
4.2400000000011
4.8729999999999
4.764999999999
5.3580000000011
4.8639999999995
3.9990000000003
4.6530000000011
4.1719999999987
4.4839999999997
3.9029999999993
4.6940000000006
4.0120000000012
4.2569999999991
4.8699999999986
4.3670000000002
3.779999999999
5.2019999999988
3.9470000000001
4.2830000000009
4.2360000000006
4.8739999999992
3.8450000000001
4.3759999999988
4.919000000001
4.213
3.7769999999995
5.2709999999987
3.934000000001
4.2749999999998
4.2650000000002
4.6040000000005
3.779999999999
4.4780000000006
4.5660000000005
4.3439999999997
3.7939999999992
5.704999999999
3.8720000000012
4.2399999999994
4.5099999999998
4.054
3.779999999999
5.3620000000016
4.5979999999997
====Merge Sort====
8.3479999999998
10.180999999999
9.9619999999998
8.602999999999
11.345
10.631
8.716999999999
11.519
12.148
9.9669999999996
9.9219999999995
10.061
9.0109999999992
10.368
9.2730000000003
8.6620000000011
9.6769999999999
8.7879999999991
10.405
9.4709999999996
8.5529999999991
9.5770000000002
8.5870000000003
9.3370000000004
9.8009999999995
8.5379999999997
9.6030000000003
8.5500000000014
9.3130000000006
9.3770000000006
8.146
9.5449999999992
8.4650000000011
8.8819999999998
8.5350000000002
8.7569999999992
9.0990000000009
8.6210000000015
8.7700000000002
8.6110000000001
8.4379999999999
8.5219999999993
8.3070000000003
8.2959999999996
8.8290000000004
8.3289999999998
8.049999999999
9.0690000000002
8.7030000000006
9.1809999999999
8.6580000000005
9.2580000000009
8.9319999999997
8.6460000000006
9.0149999999998
8.5809999999995
9.0250000000012
8.642
11.009000000001
9.6690000000006
8.6030000000008
9.5190000000009
8.5119999999996
10.004
9.5659999999995
8.8489999999997
8.6110000000001
9.0199999999996
12.016000000001
13.175
10.691999999999
8.2179999999994
9.4460000000005
8.1939999999996
8.4700000000009
8.7499999999991
8.4120000000016
8.3099999999998
14.692999999999
24.179999999999
11.251
9.5279999999995
8.4389999999992
8.4210000000002
8.4330000000001
8.3479999999998
8.7239999999991
8.3339999999996
8.3020000000005
8.8840000000001
8.3390000000012
8.4040000000005
8.2640000000005
8.1699999999998
8.3529999999996
8.3149999999996
8.3920000000006
8.3109999999991
8.7130000000002
8.3380000000002
====Bubble Sort====
439.759
424.717
495.13
607.1
526.069
532.182
656.838
593.278
432.189
449.136
492.241
454.888
424.108
421.305
421.905
486.209
461.718
425.71
420.358
400.473
394.362
397.578
400.963
398.276
397.348
400.743
396.744
400.169
396.29
398.52
391.994
396.301
398.579
408.189
399.373
397.64
396.842
396.642
394.242
393.006
398.848
397.53
399.94799999999
394.389
397.48
396.756
395.341
397.999
399.268
396.398
396.775
400.981
400.89200000001
402.643
400.624
398.364
398.63099999999
399.638
399.49799999999
401.629
393.811
398.972
399.67900000001
397.002
396.998
396.054
395.69599999999
403.031
401.872
397.161
399.195
395.313
397.451
397.619
398.325
396.87
396.53
398.205
396.286
400.71
486.486
504.892
445.758
441.03
444.995
509.011
588.389
474.581
468.555
409.322
396.992
399.563
420.972
416.285
424.64200000001
421.979
405.979
397.773
408.069
400.293
