====Quick Sort====
35.366703
27.662065
12.908076
66.424715
41.270822
8.758268
41.776217
5.929714
57.359342
82.766591
6.458013
8.160974
53.637351
3.88145
43.847522
4.792531
5.865826
2.937082
46.686581
51.000642
3.385909
4.897757
31.334207
84.758248
87.281643
32.034189
67.313284
4.805446
53.555305
4.66767
30.691322
5.723098
38.149554
63.791962
48.476991
37.285779
65.224936
3.116992
55.368347
3.842945
36.642897
54.131616
3.241553
44.003881
3.235839
43.976673
2.088624
2.546618
85.247451
59.300269
45.796051
3.393949
5.082293
25.061412
60.498909
3.221229
47.206331
3.490015
4.757869
50.72008
88.033668
31.369008
3.34796
5.196972
41.540867
2.288153
43.414393
4.487873
1.786662
61.745603
28.912444
3.112557
90.625301
4.514517
5.68623
7.978878
26.365098
82.530541
45.933649
9.053539
6.130889
48.3376
79.91154
4.0365
4.834582
58.93486
4.388306
5.185146
2.737081
5.012425
2.359595
80.142218
4.176311
50.214403
4.148417
4.723208
84.12032
43.505918
54.382333
30.024591
====Insertion Sort====
11.086691
6.500278
8.237052
6.791082
6.497656
7.622952
7.935257
6.864479
7.677962
7.926134
7.369081
7.818634
7.230199
7.754604
6.722145
8.241962
6.3991
8.446557
6.734151
8.271327
6.577118
7.799912
6.986713
7.336655
8.385297
7.218872
7.860843
7.023681
8.959095
7.16063
7.720244
6.599455
8.449645
6.569303
8.54338
6.428845
8.296366
6.438685
7.505359
7.096789
7.201243
8.238856
7.112047
7.718986
6.20119
8.3706
6.320589
8.418672
6.39204
7.609805
6.86746
7.165833
7.169378
6.440182
8.435213
6.402435
8.324625
6.470209
7.517675
6.688857
7.340687
7.458007
6.617663
7.808421
6.529366
8.391715
6.369893
8.862251
6.461839
7.566182
6.990258
7.357549
7.856923
7.046859
8.803148
8.792313
9.022794
10.956813
8.112182
9.753164
6.713792
8.110989
6.491495
9.215973
6.487114
8.74382
6.452107
8.843786
6.370703
8.816856
6.478987
8.661908
6.772582
7.634583
7.21867
6.533148
8.412011
6.410671
8.925
6.398967
====Radix Sort====
7.118632
1.21982
0.980023
0.981486
1.804745
2.266824
1.365751
1.211845
1.000579
0.957347
0.949973
1.007592
0.967349
0.969447
1.045433
1.148429
2.368721
1.672629
1.253842
0.984242
0.966448
0.988905
0.950497
0.955636
1.001237
1.25267
1.060942
2.315904
2.661091
2.019
0.96394
1.009565
1.015631
0.936855
0.935401
0.955561
1.018863
1.994424
2.251541
1.352515
1.004463
1.37021
1.280853
0.982254
0.958149
1.025033
0.962268
1.000962
2.283516
2.132107
1.231537
1.006594
2.075769
0.918848
0.897991
0.941063
0.900011
0.922332
1.012482
2.073565
2.027234
1.247677
1.011331
0.945488
0.969232
0.956917
0.914182
0.925721
0.959602
0.898702
0.90321
1.932594
2.118105
1.224547
1.032889
0.938439
0.925096
0.893988
0.896931
1.714108
0.897878
0.893127
1.057851
1.560644
1.220226
1.555754
0.982235
0.929522
0.938528
0.966401
0.863126
0.901688
0.902978
0.877336
0.884049
1.868838
1.364943
1.203911
1.548429
0.933096
====Merge Sort====
47.996568
9.306669
3.149652
2.642867
2.610935
2.644036
3.861877
6.403736
5.828161
3.703709
6.344916
2.75669
2.752178
2.677408
2.880361
2.661444
2.60737
2.613338
2.689671
7.427522
3.927571
2.661762
3.278283
6.841606
2.757754
2.610808
5.678046
4.560985
2.68961
2.696014
6.852298
3.72112
2.635677
2.606331
7.242722
3.311188
2.617032
2.603099
7.572489
2.936153
2.751018
2.691184
7.936198
2.691595
2.673653
2.931741
7.475625
2.642592
2.630923
4.16377
6.044986
2.648541
2.623306
6.187045
4.113023
2.650952
2.604399
7.039823
3.582879
2.756091
2.62395
7.347381
3.057982
2.618394
2.608691
7.771601
2.7254
2.606056
2.620089
7.984372
2.79093
2.693585
2.778672
7.774481
2.682614
2.616112
2.988811
7.023152
2.997439
2.625108
6.890273
3.687145
2.623394
2.612383
7.109485
3.627302
2.651046
2.605524
7.68124
2.756472
2.612233
2.628923
7.893388
2.751957
2.706759
2.81009
7.783937
2.806813
2.850181
3.296278
====Bubble Sort====
49.601012
45.509467
46.415362
45.348379
45.195984
45.518557
45.136912
44.989348
45.792529
45.895419
45.2048
44.742095
45.360701
46.752949
46.412676
45.384454
45.042649
45.130576
44.728803
45.258233
45.63713
45.186277
46.012703
45.346056
46.258955
45.576094
44.937777
45.467841
44.499149
44.961841
45.093755
45.263638
45.052636
45.66278
44.760278
45.558164
44.907734
45.535413
45.787626
45.299279
45.738143
44.962792
45.570003
45.867969
45.907366
45.385559
45.310941
45.823257
44.991098
45.181671
44.75112
45.805506
44.995278
46.443852
45.470841
44.73471
44.201883
44.112926
44.741173
45.182487
45.000301
45.547121
43.965189
44.024316
44.366884
44.508526
43.981994
45.670064
44.727483
44.195214
44.829034
44.220615
43.807351
44.665017
44.773869
44.601853
44.920701
44.040538
43.996348
44.161423
45.564183
44.453336
44.453939
45.290916
44.708454
44.250497
44.126921
44.941373
44.406162
44.140337
44.069073
44.429533
45.038106
45.293065
44.09741
44.589223
44.546666
44.346695
44.510695
45.726999
