====Quick Sort====
2.449
1.709
1.194
0.961
1.113
1.033
0.928
0.983
0.95
0.738
0.7
0.756
0.803
0.772
0.727
0.7
0.771
0.747
0.742
0.741
0.69
0.691
0.699
0.71
0.752
0.705
0.842
0.717
0.711
0.705
0.7
0.686
0.689
0.744
0.696
0.694
0.734
0.736
0.712
0.707
0.803
0.75799999999999
0.67200000000001
0.653
0.71
0.675
0.69
0.676
0.671
0.708
0.675
0.664
0.69499999999999
0.68099999999999
0.666
0.672
0.692
0.701
0.703
0.738
0.736
0.733
0.68
0.67
0.696
0.762
0.739
0.73499999999999
0.691
0.70000000000001
0.749
0.708
0.694
0.663
0.68799999999999
0.732
0.667
0.719
0.693
0.759
0.681
0.704
0.69899999999999
0.71
0.67800000000001
0.69799999999999
0.652
0.75599999999999
0.943
0.724
0.692
0.704
0.708
0.761
0.678
0.684
0.718
0.679
0.67200000000001
0.68399999999999
====Insertion Sort====
12.646
12.123
12.132
12.112
12.145
12.417
12.76
11.988
12.41
12.188
12.306
12.854
12.271
12.34
11.93
12.045
12.612
12.176
12.164
12.159
11.995
11.763
12.075
12.174
12.365
12.19
12.578
12.574
12.201
12.44
12.089
12.059
12.09
12.813
12.023
12.307
12.267
12.133
12.29
12.311
12.293
12.987
12.51
12.529
12.23
12.391
14.337
13.82
11.977
12.193
12.17
12.098
12.306
12.279
11.957
12.528
12.108
11.964
12.1
12.594
12.254
12.14
12.295
12.079
12.117
12.219
11.848
12.217
12.228
12.099
12.078
12.175
12.179
12.177
12.185
12.063
12.447
12.231
12.359
12.325
12.256
12.173
12.254
12.127
12.345
12.203
12.425
12.131
12.677
12.874
12.921
12.137
12.548
12.516
12.54
12.301
12.117
12.087
12.393
12.133
====Radix Sort====
0.58999999999987
0.502
0.50900000000009
0.413
0.40400000000007
0.3979999999999
0.47900000000012
0.44400000000011
0.40700000000005
0.44599999999995
0.40400000000007
0.42000000000009
0.40299999999993
0.42600000000004
0.40899999999988
0.40200000000001
0.3970000000002
0.39500000000015
0.39400000000001
0.39599999999984
0.41800000000003
0.39599999999984
0.41399999999991
0.3979999999999
0.39499999999992
0.39699999999998
0.41700000000011
0.43499999999996
0.39100000000003
0.40099999999987
0.39900000000004
0.39600000000006
0.39400000000001
0.39400000000001
0.42699999999996
0.39199999999995
0.40300000000015
0.39600000000006
0.39899999999982
0.39499999999992
0.39699999999998
0.41599999999997
0.39499999999992
0.39800000000012
0.3970000000002
0.39400000000001
0.39499999999992
0.39699999999998
0.41800000000003
0.39499999999992
0.40200000000001
0.4010000000001
0.39400000000001
0.39699999999998
0.39300000000009
0.421
0.39099999999981
0.39600000000006
0.39999999999996
0.39199999999995
0.39500000000015
0.39299999999987
0.42999999999993
0.39199999999995
0.40400000000007
0.39699999999998
0.42700000000018
0.39400000000001
0.39400000000001
0.41700000000011
0.39199999999995
0.40400000000007
0.39600000000006
0.39699999999998
0.39500000000015
0.39800000000012
0.41699999999989
0.4010000000001
0.40000000000018
0.39699999999998
0.39400000000001
0.39500000000015
0.39699999999998
0.41199999999986
0.39999999999996
0.39900000000004
0.40099999999987
0.39400000000001
0.39600000000006
0.40599999999991
0.39999999999996
0.39499999999992
0.40200000000001
0.39300000000009
0.39300000000009
0.39900000000004
0.40699999999982
0.39999999999996
0.40499999999999
0.40399999999985
====Merge Sort====
4.043
2.8440000000001
2.826
2.807
2.659
2.858
2.8210000000002
2.6969999999999
2.721
2.813
3.023
5.4560000000001
5.525
4.3690000000001
2.7300000000001
2.99
2.7780000000002
2.6280000000001
2.9809999999999
2.715
2.8029999999999
2.8130000000002
2.7780000000002
2.669
2.8270000000001
2.677
2.7469999999998
2.804
2.667
2.7199999999998
2.8159999999999
2.84
2.6409999999999
2.8060000000001
2.6809999999999
2.7349999999999
2.7980000000001
2.6839999999999
2.888
2.6660000000001
2.82
2.767
5.5750000000001
5.123
5.6160000000001
5.1780000000001
5.5369999999999
5.266
5.4920000000001
5.1760000000001
5.5079999999998
5.315
5.5429999999999
5.3640000000001
5.5189999999998
5.2140000000001
5.5099999999999
5.231
5.503
5.2560000000001
5.509
5.2129999999999
5.539
5.363
5.59
5.0600000000001
4.3150000000001
4.186
3.798
5.6120000000002
6.0819999999999
5.6769999999999
5.9979999999999
4.1149999999999
2.8809999999999
2.6760000000001
2.8090000000001
2.637
2.7970000000002
2.642
2.8010000000001
2.632
2.796
2.631
2.8009999999998
2.699
2.839
2.699
2.8199999999998
2.6619999999999
2.8280000000001
2.6930000000001
2.8509999999999
2.678
2.7890000000002
2.6650000000001
2.834
2.7220000000001
2.7929999999998
2.7439999999999
====Bubble Sort====
38.566
38.02
38.135
37.792
37.741
37.379
37.439
37.776
37.554
37.778
37.508
37.304
37.415
37.781
37.068
37.79
37.394
38.565
37.443
37.777
37.962
37.536
36.78
37.641
37.502
37.187
37.38
37.093
37.476
37.593
37.781
42.994
37.701
37.642
37.618
37.413
37.749
37.78
38.003
37.929
37.934
37.638
37.686
37.72
37.348
37.192
37.418
37.316
37.276
37.816
37.714
37.105
37.211
37.464
36.858
37.973
37.603
37.016
37.053
37.01
37.873
37.126
37.112
37.256
37.504999999999
37.881
37.989
37.707
37.352
38.298
37.026
37.798
37.259
37.138
37.523
37.385
37.587
37.811
37.170000000001
37.155
37.245
37.847
37.719
38.982
37.478
37.072
37.987
37.711
37.35
37.332
37.948
37.086
37.238
37.853
37.607
37.01
37.656
38.865
37.592
37.419
