====Quick Sort====
2.155785999999999
0.7401429999999998
0.41193400000000224
13.619003999999997
7.576591999999998
0.3731689999999972
7.786413000000003
0.3748740000000055
9.848749999999995
16.781114000000002
0.38847699999999463
0.3885060000000067
9.942143000000002
0.3758370000000042
8.387182999999993
0.36672299999999325
0.36065600000000586
0.3680619999999948
9.079262999999997
10.47037800000001
0.37626900000000774
0.3725589999999954
5.250670000000014
18.024455000000017
18.937313999999986
5.981997000000007
14.304554999999993
0.38059999999998695
10.364172999999994
0.3638809999999921
5.57746800000001
0.41757999999998674
7.017865999999998
13.082179999999994
9.782577000000003
7.187427000000014
13.82651199999998
0.36853200000001607
11.752098999999987
0.4028369999999768
6.754224000000022
9.13464300000004
0.3701560000000086
8.261757000000046
0.3760950000000207
8.003864999999962
0.36783300000001873
0.3643690000000106
18.193156999999985
12.324256000000048
9.343556999999976
0.3655300000000352
0.3713079999999991
4.24082199999998
12.238188999999977
0.37249300000001995
9.429649999999981
0.3716760000000363
0.3746889999999894
10.095803999999987
18.948319000000026
6.005681999999979
0.37059499999998025
0.36623300000002246
7.3727910000000065
0.3787070000000199
8.525780999999995
0.3688070000000039
0.37478800000002366
12.282979000000012
5.3889990000000125
0.371469999999988
18.93148500000001
0.36272000000002436
0.4007190000000378
0.36111499999998387
4.901482999999985
16.950751999999966
9.273008000000004
0.371044999999981
0.36960899999996855
9.518027999999958
17.27882999999997
0.3630679999999984
0.36868600000002516
11.72393199999999
0.36829599999998663
0.37100999999995565
0.3750999999999749
0.3775980000000345
0.36878200000001016
16.854983999999945
0.37838799999997264
10.66677500000003
0.3738539999999375
0.3704559999999901
17.891318999999953
8.707490000000007
11.475783999999976
5.720664000000056
====Insertion Sort====
4.488773999999921
6.714318000000048
4.405720999999971
4.410430000000019
4.385384000000045
4.401295000000005
4.421729999999911
4.467618000000016
4.307781000000091
4.417355999999927
4.503456000000028
4.49717899999996
4.452549999999974
4.4747429999999895
4.484010000000012
4.402449000000047
4.390073000000029
4.383111999999983
4.402707000000078
4.352157000000034
4.40814499999999
4.4966530000000375
4.390716999999995
4.432516000000078
4.391900000000078
4.389650999999958
4.448552000000063
4.4152820000000474
4.434599000000048
4.420790000000011
4.455596999999898
4.577216000000021
4.500270999999998
4.5549780000000055
4.478533999999968
4.417331999999988
4.38082600000007
4.396562000000017
4.434804999999983
4.386415000000056
4.365704000000051
4.447879000000057
4.389428000000066
4.418623000000025
4.2783170000000155
4.422233000000006
4.380074000000036
4.418959000000086
4.368456999999921
4.405968999999914
4.343553000000043
4.455810000000042
4.442427000000066
4.472716999999989
4.406048000000055
4.411535000000072
4.319772999999941
4.40808299999992
4.373473999999987
4.384046000000012
4.457628
4.391359999999963
4.352747000000022
4.3735869999999295
4.487651000000028
5.408006
6.8660260000000335
4.656253000000106
4.552977000000055
4.584159
4.514821999999981
4.56218100000001
4.594617000000085
4.498442999999952
4.5148790000000645
4.487180999999964
6.538789999999835
4.435402000000067
4.330969999999979
4.485873000000083
4.411129999999957
4.388304000000062
4.3724729999999
4.382724000000053
4.4188859999999295
4.340377999999873
4.410755000000108
4.385602000000063
4.383773999999903
4.2789940000000115
4.4235499999999774
4.40185600000018
4.420933000000105
4.396281999999928
4.3988379999998415
4.401871999999912
4.436941999999817
4.3938150000001315
4.461390999999821
4.4362740000001395
====Radix Sort====
21.23523399999999
1.0465549999998984
1.810619000000088
1.1297400000000835
1.5475039999998899
1.1089640000000145
1.0109950000000936
0.9920119999999315
1.1369010000000799
0.8502559999999448
0.849811999999929
1.0686590000000251
0.8423780000000534
0.8178980000000138
0.8153869999998733
0.8118460000000596
0.9638910000001033
0.8170529999999872
0.8238690000000588
1.2249500000000353
1.0036689999999453
0.8408259999998791
0.8346149999999852
0.9119049999999334
0.8172660000000178
0.9818320000001677
0.8145599999998012
0.8088829999999234
0.8033269999998538
0.950601000000006
0.8136000000001786
0.8176820000001044
0.8077739999998812
0.9744970000001558
0.8323229999998603
0.8095310000001064
0.9465190000000803
0.8196080000000165
0.8192629999998644
0.8090660000000298
0.9451970000000074
0.8130190000001676
0.810463000000027
0.8046689999998762
0.812795000000051
0.9432380000000649
0.8144690000001447
0.80595100000005
0.8115020000000186
0.8135950000000776
0.8044299999999112
0.9487550000001193
0.8306919999999991
0.8126499999998487
0.9443260000000464
0.8091949999998178
0.8135270000000219
0.8164240000000973
0.9415289999999459
0.8211969999999837
0.8119239999998626
0.8134930000001077
0.9403580000000602
0.8142669999999725
0.8063760000000002
0.9414120000001276
0.8131799999998748
0.8228950000000168
0.806541000000152
0.8136920000001737
0.9480969999999616
0.8434180000001561
0.8078930000001492
0.8149650000000292
0.8152460000001156
0.9376330000000053
0.8129410000001371
0.8118420000000697
0.8098320000001422
0.9385739999997895
0.8056189999999788
0.8134730000001582
0.8118400000000747
0.9431099999999333
0.8239269999999124
0.8140889999999672
0.8180670000001555
0.8118379999998524
0.8146970000000238
1.250548000000208
0.8149490000000696
0.9174570000000131
1.042073000000073
0.8186459999999443
1.0153729999999541
1.0160769999999957
1.1864180000000033
0.8167669999997997
0.8196469999998044
0.8240590000000338
====Merge Sort====
4.1068780000000515
2.998008000000027
3.392528000000084
4.429331000000047
2.623316000000159
1.7842419999999493
1.991940999999997
1.8088390000000345
1.9743270000001303
1.7567360000000463
1.9266250000000582
1.9292539999999008
1.7604150000001937
1.7640819999999167
1.9161799999999403
1.913934000000154
1.7669029999999566
1.7720469999999295
2.0067790000000514
1.9588450000001103
1.800359999999955
1.7666340000000673
1.912364000000025
1.764799000000039
1.768722999999909
1.8978829999998652
1.9058279999999286
2.0290870000001178
1.7660989999999401
1.9084150000001046
1.7653760000000602
1.9036599999999453
1.7641849999999977
1.9153270000001612
1.7891720000000078
1.91255799999999
1.756870999999819
1.9092470000000503
1.7655139999999392
1.8996010000000751
1.7627839999997832
1.89678600000002
1.7692500000000564
1.8991659999999229
1.9227269999998953
1.9685449999999491
1.8233470000000125
1.9576129999998102
1.9173249999998916
1.7730510000001232
1.8989839999999276
1.7570570000000316
1.9097920000001523
1.7654449999999997
2.046391999999969
1.8011260000000675
1.980000999999902
1.8140359999999873
1.9826020000000426
1.8089019999999891
1.9623300000000654
1.780616000000009
1.9434670000000551
1.7717979999999898
1.9172940000000835
1.7633920000000671
1.9053630000000794
1.7702429999999367
1.90008499999999
1.9221889999998893
1.7621679999999742
1.9090400000000045
1.7636779999997998
1.9017919999998867
1.7595870000000104
1.905708999999888
1.7962119999999686
1.910580000000209
1.756543999999849
1.9836170000000948
1.7634189999998853
1.9124849999998332
1.771930999999995
1.954663999999866
1.7802050000000236
1.95183400000019
1.766699000000017
1.896840999999995
1.7638369999999668
1.9039279999999508
1.8030240000000504
1.90013799999997
1.902994999999919
1.7541079999998601
1.9071830000000318
1.7651100000000497
1.911875000000009
1.7651250000001255
1.9014310000000023
1.7643319999999676
====Bubble Sort====
43.46156899999983
40.03117599999996
39.693213000000014
39.575334999999995
39.29751800000008
39.52051600000004
40.55044699999985
39.640125000000126
40.223670000000084
40.00842499999999
39.69811900000013
40.087866000000076
42.421698000000106
39.932240999999976
39.67250299999978
39.36288800000011
39.71654599999965
40.07314499999984
39.56899199999998
39.75193300000001
39.7190529999998
40.71056899999985
39.852740999999696
39.780795000000126
39.65249700000004
39.38156300000037
39.303465999999844
39.5035969999999
39.8836839999999
39.75892399999975
39.191179999999804
39.41504900000018
40.224392999999964
39.678386000000046
39.81864899999982
39.50453800000014
40.74457499999971
39.50556000000006
40.78358100000014
39.966141000000334
39.565673999999944
40.09554200000002
39.51198000000022
39.74370799999997
39.466406000000006
39.29380500000025
39.63344499999994
40.20237199999974
39.804797999999664
39.25610000000006
39.615687999999864
40.60689999999977
39.460369000000355
39.78767599999992
40.013970999999856
40.043513000000075
39.669958999999835
39.422030999999606
39.54934599999979
39.47618599999987
39.692737999999736
39.880419000000074
39.47851300000002
42.21774899999991
39.671416000000136
39.49210399999993
40.496650999999474
39.73551399999997
39.26634399999966
39.68193699999938
40.03037399999994
40.00447299999996
39.92070599999988
39.60964999999942
39.28211199999987
39.84149600000001
39.87973500000044
39.84479400000055
39.53619600000002
40.03618899999947
39.6647810000004
40.26883500000076
39.57792299999983
39.297271000000364
39.605499000000236
39.638606999999865
39.95169799999985
39.49191100000007
40.69372899999962
39.68351200000052
39.89485699999932
39.52910800000063
40.14258299999983
40.48973500000011
40.271192000000156
40.328535999999986
39.53846000000067
40.3308649999999
40.365772000000106
39.97133399999984
