====Quick Sort====
21.697726
19.234931
22.802481
1728.975973
794.087076
7.992456
801.303537
8.936704
1011.236697
1723.708037
8.880673
8.655126
978.455121
11.400245
779.304299
11.110966
17.430462
11.22528
798.535436
945.678383
7.919032
10.709496
425.35184
1654.460222
1724.200842
504.963566
1341.436108
8.880967
945.998498
7.305363
452.690611
7.979552
582.128925
1181.934284
875.727213
615.405251
1273.891566
7.85258
979.844541
8.708608
551.216114
806.572334
9.142329
726.591456
7.776751
702.379109
7.224543
14.468953
1673.831334
1140.364616
837.834521
7.117947
8.251802
332.114337
1103.77753
8.615629
850.174938
8.433574
10.411794
847.095354
1734.630805
497.981638
12.499466
9.142403
628.02727
8.415029
752.863902
11.227655
21.416738
1219.002372
443.327374
13.920303
1704.135758
8.142576
10.446088
9.55055
396.107835
1565.48078
840.185073
7.585882
9.065819
841.003702
1602.37336
8.115644
14.35089
1076.184784
14.875411
9.360392
8.45673
10.121056
8.657776
1540.584988
8.672398
907.355715
7.564032
9.884848
1617.329787
776.259829
1065.836905
472.831808
====Insertion Sort====
388.729549
421.324875
441.99431
417.468033
398.932284
386.576261
389.261737
389.351091
383.224111
389.740178
389.968221
396.347356
389.490894
394.707773
391.558384
390.75857
397.362706
447.376857
388.020523
382.593817
392.422556
401.904934
392.527491
397.468818
388.049331
396.731217
388.175658
386.686616
394.555079
387.175603
390.677402
391.16891
395.055074
395.776047
399.18025
387.545741
387.598003
385.69237
387.819241
383.154201
381.489739
392.069304
390.133673
398.298025
376.409452
388.064512
384.448887
387.326479
385.457498
387.047551
380.076248
478.315124
388.037407
390.174612
386.979871
384.177106
481.43629
389.437051
386.063642
386.138869
392.633504
383.915616
381.378022
383.360954
393.672718
388.857038
388.097926
389.361843
384.983379
391.13653
383.343926
400.564352
389.846259
380.831797
390.68499
383.534274
386.92192
388.677673
379.219233
390.225656
388.52324
382.525375
383.36139
384.180251
392.930174
381.339666
386.941497
386.302937
384.833042
377.081827
390.509032
387.271224
383.513125
381.984802
388.368495
382.86555
387.178721
396.999484
389.881352
386.355567
====Radix Sort====
8.281488
6.452071
9.219185
7.102641
8.900126
9.38783
6.609843
9.990847
8.317534
6.530346
10.164762
8.81246
7.287136
9.252662
7.624626
7.414858
9.984974
7.32549
7.960952
9.175828
7.238689
9.80867
8.205588
6.737768
10.022048
8.332757
6.830719
9.562799
7.199219
7.078396
11.32346
8.12868
7.230108
9.037163
7.830467
8.672855
9.647123
7.787302
7.173775
8.898478
7.044109
9.702886
9.975329
6.709206
9.371678
8.6769
6.95643
8.539088
7.880529
6.984074
10.326671
6.898521
7.46555
9.627145
7.25973
8.08223
8.87821
6.541711
9.239829
7.07421
7.277261
9.50052
7.170017
8.943271
10.89294
8.253185
8.201891
9.155756
6.815853
8.715429
7.971281
6.526228
10.216639
7.343631
8.16619
8.901922
7.435079
9.511964
9.713904
6.459829
8.770047
8.09723
6.84926
10.049051
7.234515
7.40743
10.565632
18.061989
19.432992
22.030784
21.499973
20.76899
21.836307
20.157349
20.949929
19.324987
7.259024
6.381203
8.137856
7.429908
====Merge Sort====
17.283788
17.744425
17.99969
16.539853
16.984834
19.83179
17.833675
17.452394
16.693233
19.615089
16.693141
18.721005
30.597449
37.569254
38.120555
37.064708
37.228148
37.184356
37.427185
37.585001
21.067143
17.11539
17.214239
18.832534
17.84857
18.571389
19.221374
17.102764
19.848442
18.791516
15.997819
18.623605
17.781404
18.592442
16.636618
19.012936
17.362682
16.878785
17.640353
16.860609
16.43012
16.200194
16.881769
16.302409
17.556486
17.561427
17.899479
15.862001
16.347335
17.56949
17.675573
17.487501
15.877877
17.42168
15.264746
16.956625
16.163165
16.568706
16.350191
16.284564
17.719023
17.138268
15.957608
17.339443
15.807042
17.136925
16.294764
16.554529
17.067803
16.531137
16.352184
15.837283
16.344511
17.65014
15.680593
16.392776
17.518678
15.795353
17.047931
16.604695
17.365239
16.438576
17.070117
16.00857
16.414383
15.679096
16.069885
16.337504
16.187985
16.161141
16.832897
16.345561
16.40875
16.653338
16.048107
16.363044
16.926605
16.221855
17.73483
17.803858
====Bubble Sort====
1061.004828
1051.961619
1098.25933
1094.536789
1070.547902
1079.019758
1078.589931
1110.697195
1089.088541
1082.192055
1075.492968
1076.016713
1073.350258
1179.502285
1077.801767
1053.56776
1060.991883
1065.45685
1077.946314
1069.055015
1062.835781
1065.348636
1062.138455
1069.400254
1072.468144
1059.57805
1065.700283
1069.572386
1077.437809
1062.393726
1064.683928
1068.018664
1077.503319
1061.138999
1080.991459
1058.715837
1082.976341
1077.437384
1076.610529
1065.469528
1076.438463
1078.643331
1076.915321
1056.785091
1052.244701
1067.160557
1064.127454
1070.600888
1085.63827
1069.86122
1084.870872
1059.206401
1073.033851
1066.534738
1086.803625
1066.152572
1075.210389
1075.887525
1069.238929
1058.969519
1091.932346
1074.446491
1077.457017
1086.616677
1070.699793
1120.996869
1076.97375
1046.930841
1052.790786
1064.57773
1064.172846
1059.639082
1068.572202
1049.243157
1052.240205
1059.887537
1059.157902
1067.545019
1073.757013
1081.022665
1081.057446
1065.388986
1069.786933
1047.118061
1073.131175
1052.483558
1085.900715
1060.731954
1068.791635
1078.915736
1085.900708
1073.404394
1070.323802
1084.023511
1078.675779
1047.16481
1062.882383
1084.182687
1071.164765
1076.393418
