====Quick Sort====
0.30566399999999999126
0.30515199999999997882
0.31027199999999999225
9.3859840000000005489
5.1036159999999997083
0.28160000000000001696
5.2331519999999995818
0.2839039999999999897
6.2282239999999999824
11.518463999999999814
0.36633599999999999497
0.35865599999999997483
9.242112000000000549
0.36403200000000002223
6.6007040000000003488
0.28108800000000000452
0.28441600000000000215
0.28313599999999999879
6.0759040000000004156
7.0776320000000003674
0.28416000000000002368
0.27724799999999999445
3.5914239999999999498
12.146943999999999519
12.73497599999999963
4.0514559999999999462
9.6670719999999992211
0.28364800000000001123
6.9452800000000003422
0.28364800000000001123
3.7496320000000000761
0.27955200000000002269
4.6039039999999999964
8.7953919999999996548
6.6045439999999997482
4.8417279999999998097
9.3235200000000002518
0.28083200000000002605
7.2744960000000000733
0.28134399999999998299
4.3701759999999998385
6.1739519999999998845
0.28364800000000001123
5.5792640000000002232
0.28492800000000001459
5.4049279999999999546
0.27955200000000002269
0.28032000000000001361
12.313088000000000477
8.28620800000000024
6.3229439999999996758
0.27929599999999998872
0.27929599999999998872
2.8385280000000001621
8.2536959999999996995
0.28416000000000002368
6.330111999999999739
0.28441600000000000215
0.28697600000000000886
6.4363520000000002952
12.776960000000000761
4.0373760000000000758
0.28083200000000002605
0.28313599999999999879
4.9845759999999996737
0.2839039999999999897
5.7804799999999998406
0.28518399999999999306
0.28262399999999998634
8.233216000000000534
3.6531199999999999228
0.28441600000000000215
12.754687999999999803
0.2856960000000000055
0.2821119999999999739
0.2785279999999999978
3.2893439999999998236
11.433728000000000335
6.2310400000000001342
0.27724799999999999445
0.28646399999999999642
6.4130560000000000898
11.657728000000000534
0.27801599999999998536
0.28646399999999999642
7.9575040000000001328
0.28032000000000001361
0.31052800000000002623
0.28774399999999999977
0.28236800000000000788
0.28160000000000001696
11.411711999999999634
0.2839039999999999897
6.7386879999999997892
0.28416000000000002368
0.28339199999999997726
11.905279999999999418
5.8585599999999997678
7.7629440000000000666
3.8159360000000002167
====Insertion Sort====
3.4923519999999999008
3.3592319999999999958
3.2238080000000000069
3.1959040000000000781
3.2340480000000000338
3.1982080000000001618
3.2168960000000001997
3.276543999999999901
3.134208000000000105
3.2066560000000001729
3.2560639999999998473
3.2990719999999997825
3.2281599999999999184
3.2453120000000001966
3.2340480000000000338
3.2035840000000002092
3.1959040000000000781
3.2115200000000001523
3.2035840000000002092
3.1662080000000001334
3.2074240000000000528
3.2478720000000000923
3.2332800000000001539
3.2135679999999999801
3.196928000000000214
3.2023039999999998173
3.2279040000000001065
3.2279040000000001065
3.2348159999999999137
3.2176640000000000796
3.23174399999999995
3.2476159999999998362
3.2522240000000000038
3.2268799999999999706
3.3059840000000000337
3.2133120000000001681
3.1769599999999997841
3.1974399999999998379
3.3413119999999998377
3.9001600000000000712
3.2834560000000001523
3.3003520000000001744
3.1928320000000001144
3.2174079999999998236
3.1168000000000000149
3.2179199999999998916
3.1994880000000001097
3.2028159999999998853
3.1815679999999999517
3.2092160000000000686
3.1731199999999999406
3.2000000000000001776
3.2506879999999997999
3.223552000000000195
3.2038400000000000212
3.2081919999999999327
3.1329280000000001571
3.2046079999999999011
3.2186880000000002156
3.1825920000000000876
3.2478720000000000923
3.1933440000000001824
3.1672319999999998252
3.1692800000000000971
3.294464000000000059
3.223295999999999939
3.1846399999999999153
3.2550400000000001555
3.187199999999999811
3.2276479999999998505
3.2693759999999998378
3.2778239999999998489
3.2176640000000000796
3.1818240000000002077
3.2030720000000001413
3.1820800000000000196
3.258367999999999931
3.214592000000000116
3.1436799999999998079
3.26809599999999989
3.2133120000000001681
3.1935999999999999943
3.2161279999999998758
3.17798399999999992
3.2314880000000001381
3.1662080000000001334
3.1910400000000000986
3.187199999999999811
3.2284160000000001745
3.1365120000000001887
3.2238080000000000069
3.2120320000000002203
3.1951360000000001982
3.1882239999999999469
3.2386560000000002013
3.1823359999999998315
3.2156159999999998078
3.2015359999999999374
3.2389120000000000132
3.2238080000000000069
====Radix Sort====
0.48460799999999998322
0.47743999999999997552
0.48358400000000001384
0.52863999999999999879
0.48793599999999998085
0.9313280000000000447
0.48819200000000001483
0.47820800000000002195
0.48511999999999999567
0.5017599999999999838
0.47718399999999999705
0.48281600000000002293
0.47692800000000001859
0.48127999999999998559
0.47718399999999999705
0.47743999999999997552
0.48383999999999999231
0.47795199999999998797
0.48153600000000001957
0.47897600000000001286
0.5160959999999999992
0.48614400000000002056
0.4776960000000000095
0.48332799999999997986
0.4776960000000000095
0.48460799999999998322
0.47820800000000002195
0.48281600000000002293
0.62131199999999997541
0.52121600000000001263
0.47667199999999998461
0.48230400000000001048
0.47667199999999998461
0.48230400000000001048
0.4776960000000000095
0.4776960000000000095
0.48332799999999997986
0.48768000000000000238
0.48204799999999997651
0.47692800000000001859
0.48179199999999999804
0.48511999999999999567
0.49305599999999999428
0.48179199999999999804
0.47897600000000001286
0.48409600000000002629
0.47718399999999999705
0.48051199999999999468
0.48435200000000000475
0.47846400000000000041
0.48383999999999999231
0.7239679999999999449
0.47692800000000001859
0.53759999999999996678
0.48639999999999999902
0.47692800000000001859
0.48204799999999997651
0.4759039999999999937
0.48870400000000002727
0.47795199999999998797
0.4759039999999999937
0.48179199999999999804
0.47846400000000000041
0.48255999999999998895
0.47846400000000000041
0.48153600000000001957
0.47846400000000000041
0.47692800000000001859
0.4830720000000000014
0.4776960000000000095
0.48332799999999997986
0.49356800000000000672
0.47974400000000000377
0.48076799999999997315
0.47743999999999997552
0.72038400000000002432
0.62489600000000000701
0.62259200000000003428
0.61286399999999996435
0.61286399999999996435
0.61977599999999999358
0.62080000000000001847
0.61516800000000004811
0.61235200000000000742
0.61747200000000002085
0.62080000000000001847
0.61414400000000002322
0.61363199999999995526
0.62259200000000003428
0.62028799999999995052
0.61388799999999998924
0.61311999999999999833
0.62361599999999994814
0.62156800000000000939
0.61670400000000002994
0.61593600000000003902
0.6205439999999999845
0.61977599999999999358
0.96230400000000004823
0.65715199999999995839
====Merge Sort====
0.759040000000000048
0.64614400000000005164
0.63769600000000004059
0.64076800000000000423
0.64076800000000000423
0.64179200000000002913
0.63718399999999997263
0.64972799999999997222
0.64179200000000002913
0.64844800000000002438
0.92620800000000003127
0.812544000000000044
0.71193600000000001327
0.74137600000000003497
0.71142399999999994531
0.71167999999999997929
0.71296000000000003816
0.70579199999999997495
0.71526400000000001089
0.7160320000000000018
0.71987199999999995637
0.84838400000000002699
1.2241919999999999469
0.80844800000000005546
0.79744000000000003769
0.80153600000000002623
0.81356799999999995787
0.80870399999999997842
0.8043519999999999559
0.80614399999999997171
0.80665600000000003966
0.85785599999999995191
0.80486400000000002386
0.80256000000000005112
1.3314559999999999729
0.76031999999999999584
0.74598399999999998045
0.74956800000000001205
0.74828799999999995318
0.75750399999999995515
0.75289600000000000968
0.86681600000000003092
0.85734399999999999498
0.85017600000000004279
0.85631999999999997009
0.85913600000000001078
1.0877440000000000442
0.90163199999999998902
0.79974400000000001043
0.80614399999999997171
0.8071679999999999966
0.60902400000000000979
0.60339200000000003943
0.61311999999999999833
0.61107199999999994855
0.61081600000000002559
0.60851200000000005286
0.97817600000000004545
0.70528000000000001801
0.6740479999999999805
0.67148799999999997379
0.69094400000000000261
0.63820799999999999752
0.65894399999999997419
0.64332800000000001095
0.63897599999999998843
0.63769600000000004059
0.63257600000000002716
0.62617599999999995486
1.0170879999999999921
0.62899199999999999555
0.61209599999999997344
0.6062079999999999691
0.6062079999999999691
0.61516800000000004811
0.61516800000000004811
0.62156800000000000939
0.60262400000000004852
0.61286399999999996435
0.61158400000000001651
0.60595200000000004614
0.96767999999999998462
0.82918400000000003214
0.74828799999999995318
0.74803200000000003023
0.75724800000000003219
0.75596799999999997333
0.78950399999999998357
0.75468800000000002548
0.76031999999999999584
0.75699199999999999822
0.75596799999999997333
0.75775999999999998913
1.3862399999999999167
1.0060800000000000853
0.99532799999999999052
0.99583999999999994746
1.080319999999999947
1.0690560000000000063
1.062912000000000079
====Bubble Sort====
36.232959999999998502
22.87795200000000051
22.983935999999999922
23.20972799999999836
23.014399999999998414
22.980864000000000402
22.904064000000001755
22.816255999999999204
22.763007999999999242
23.528192000000000661
22.933247999999998967
22.773503999999999081
22.789120000000000488
23.239936000000000149
22.935552000000001271
22.70975999999999928
22.996224000000001553
22.960640000000001493
22.453247999999998541
23.110399999999998499
22.82086400000000026
22.978048000000001139
22.899456000000000699
22.738431999999999533
23.363583999999999463
23.111423999999999523
22.901759999999999451
22.976767999999999859
22.925567999999998392
23.186944000000000443
22.914560000000001594
23.042815999999998411
22.782976000000001449
22.571263999999999328
23.111423999999999523
23.251200000000000756
23.500288000000001176
23.012864000000000431
22.925312000000001689
23.276032000000000721
22.995968000000001297
22.9675520000000013
23.028991999999998797
23.088640000000001606
22.900480000000001723
23.062528000000000361
23.150591999999999615
22.972159999999998803
23.290624000000001104
22.665984000000001686
22.470400000000001484
23.268608000000000402
22.524671999999998917
22.870784000000000447
23.181311999999998363
23.125503999999999394
23.248640000000001749
23.196159999999999002
22.987776000000000209
23.125247999999999138
22.770431999999999562
23.869184000000000623
23.294720000000001647
23.166464000000001278
23.192831999999999226
22.975999999999999091
22.943999999999999062
23.074048000000001224
23.277311999999998449
22.6030079999999991
22.806528000000000134
22.834944000000000131
22.91046400000000105
22.892800000000001148
22.70003200000000021
22.835200000000000387
23.298815999999998638
22.794239999999998503
22.975743999999998834
22.983935999999999922
22.835712000000000899
22.802687999999999846
22.933759999999999479
22.939392000000001559
23.436544000000001375
23.12704000000000093
22.862847999999999615
23.272960000000001202
23.006976000000001648
23.038464000000001164
22.771712000000000842
22.686464000000000851
23.134976000000001761
22.944511999999999574
22.874112000000000222
22.820095999999999492
23.1828479999999999
23.016448000000000462
23.24531199999999842
23.703807999999998657
