====Quick Sort====
5.230183
4.873561
7.257487
669.637273
387.576627
5.351261
402.862066
5.163691
473.142653
868.511697
4.938342
4.691701
500.970311
4.973685
426.378263
4.809789
4.573488
4.899737
460.977599
541.438385
4.907598
4.791004
254.500412
952.219656
999.500346
297.176517
751.770573
5.328306
534.274239
4.698554
271.224469
4.913042
344.084749
679.372684
503.843777
362.06494
722.562788
4.728978
556.68787
4.953325
324.554686
466.373782
4.800231
420.230918
5.099469
406.694829
4.783347
4.582522
959.187773
642.178343
477.695361
4.598979
5.162051
200.833618
633.962992
5.170339
479.267191
4.988573
4.943564
488.6599
1000.74631
296.512433
4.727487
4.521944
371.8444
5.029435
434.445079
4.533924
5.102869
637.040477
264.711095
4.782606
999.913424
5.124203
4.884121
4.584506
235.195003
892.783424
474.17433
4.899361
4.825953
487.138906
910.829633
4.457399
4.984978
606.992351
5.057732
4.900615
5.221013
5.313314
4.835696
887.710548
5.025047
516.557671
4.94136
4.80289
930.870145
443.384291
595.081221
279.80202
====Insertion Sort====
296.820983
301.308315
296.280527
296.152759
295.479156
301.290135
298.296672
296.799699
290.382856
297.216946
298.13782
301.4136
299.13573
300.656707
299.765276
296.690261
296.033306
295.268931
296.572496
293.164413
297.155651
300.813459
295.97581
297.757535
296.408291
296.150975
299.293775
296.893053
296.161021
297.943917
299.371731
300.385785
301.933216
299.089866
300.605566
297.875243
294.412555
295.510289
296.600375
293.42554
294.287017
299.984784
295.109768
297.713895
287.403903
298.660173
293.115545
296.775895
294.358371
296.179731
291.738866
296.550264
297.84104
298.778295
296.854132
296.613298
290.23243
296.936069
294.549136
295.160436
298.900525
295.237723
293.488918
293.742535
301.648228
298.825128
295.562919
300.80274
295.27788
299.074874
297.17871
300.704424
300.27151
294.619031
296.884391
294.559993
299.780273
298.360578
290.937832
300.313125
296.617708
295.670461
294.628678
295.057599
297.063673
292.592186
296.166057
295.239564
295.357624
288.516109
296.394948
296.563335
296.012781
295.752252
296.744894
294.903357
298.070801
295.978843
300.033586
296.826112
====Radix Sort====
4.368404
4.353522
4.352718
4.443631
4.471256
4.48641
4.378479
4.356877
4.357138
4.352911
4.349432
4.347997
4.371503
4.352361
4.35082
4.351679
4.34876
4.360695
4.354667
4.38176
4.354844
4.34828
4.348769
4.351823
4.348639
4.381923
4.410435
4.349349
4.351887
4.35184
4.349791
4.377788
4.37694
4.350239
4.347869
4.353415
4.351275
4.350283
4.347382
4.37639
4.351053
4.359014
4.349713
4.348259
4.347415
4.351386
4.351606
4.3493
4.356936
4.349483
4.352385
4.354888
4.377164
4.352455
4.347535
4.358743
4.349278
4.34956
4.34939
4.372724
4.349606
4.353179
4.351617
4.353736
4.347361
4.351747
4.372277
4.351631
4.347748
4.352069
4.381182
4.389155
4.375594
4.356082
4.354903
4.354092
4.349172
4.348284
4.351047
4.378238
4.34978
4.350818
4.354225
4.351207
4.355364
4.353058
4.372946
4.349526
4.350466
4.3515
4.350753
4.353611
4.353792
4.376418
4.360051
4.354065
4.35347
4.349211
4.350003
4.371558
====Merge Sort====
9.016796
9.00725
9.003105
9.031712
9.003122
9.020412
9.029858
9.006621
9.007382
9.017608
9.035409
9.026019
9.024717
9.045025
9.022116
9.024382
9.020158
9.013514
9.052443
9.014019
9.015996
9.017483
9.028832
9.016876
9.012712
9.043015
9.018827
9.012958
9.04446
9.010485
9.016883
9.017619
9.03884
9.006874
9.009751
9.030482
9.010912
9.014035
9.024159
9.040693
9.011308
9.014139
9.036142
9.015364
9.012508
9.011852
9.087554
10.87469
9.276892
9.088038
9.008408
9.026015
9.036429
9.010722
9.042026
9.036603
9.010204
9.009782
9.01945
9.035237
9.016913
9.015882
9.026432
9.014417
9.013644
9.018821
9.016595
9.011817
9.011831
9.035142
9.010946
9.022894
9.035652
9.009044
9.010082
9.013365
9.039247
9.017424
9.014567
9.038391
9.014075
9.014361
9.012079
9.034098
9.005677
9.015295
9.028895
9.017683
9.01519
9.00897
9.041559
9.016691
9.015529
9.03648
9.013437
9.012395
9.008271
9.014155
9.017237
9.013412
====Bubble Sort====
864.594249
859.137994
857.765616
861.034083
864.082499
862.449781
865.692899
868.542634
868.98707
867.031611
864.299815
873.047784
862.047555
868.230682
852.119075
856.573284
854.149707
869.361574
866.896901
862.051719
862.758461
869.249227
857.033971
866.28418
860.539488
861.365639
863.920971
867.723986
863.092925
869.033943
864.356874
862.693853
870.16855
864.354272
872.521539
861.007125
869.531962
863.044454
857.026707
866.19934
865.539965
871.402257
857.185738
859.461911
854.573237
861.256753
862.096061
860.737253
865.369988
867.254179
870.269007
853.519919
866.704319
858.999507
868.575332
856.568582
863.397128
866.566425
870.632077
856.99853
867.264519
860.995144
864.037603
868.004355
863.03225
860.252815
864.854436
859.401583
853.625123
867.673658
864.643216
864.239982
868.361507
858.927814
857.343513
859.40554
861.912317
867.520011
863.023703
867.135801
862.56157
864.421115
859.816914
853.119499
857.425902
860.767068
865.257948
859.07657
862.244099
863.787403
870.201146
864.591097
861.475492
860.07917
865.665156
860.626953
858.125321
868.529252
859.672862
862.775589
