====Quick Sort====
2.735574
2.650454
2.621253
11.674821
9.262507
2.572594
9.407429
2.575967
10.089358
13.702428
2.575588
2.587153
10.280329
2.601698
9.680657
2.596582
2.590651
2.573118
9.920724
10.556303
2.587025
2.575454
8.339786
13.865784
14.272004
8.629912
12.251614
2.580317
10.555283
2.567342
8.439675
2.571246
9.035097
11.676534
10.294472
9.145724
12.129938
2.628845
10.694132
2.564405
8.860998
10.013853
2.583289
9.652328
2.595557
9.546057
2.571845
2.611716
13.928238
11.417481
10.109273
2.577379
2.566220
7.804042
11.377347
2.710178
10.150708
2.587086
2.562693
10.199836
14.313735
8.608378
2.571837
2.572789
9.286672
2.586536
9.697455
2.589279
2.601291
11.348417
8.350534
2.565622
14.247594
2.611752
2.612269
2.575579
8.193055
13.392903
10.035115
2.575681
2.604240
10.154728
13.698874
3.034230
2.670411
11.148941
2.651881
2.597702
2.584123
2.581166
2.591689
13.436059
2.576806
10.365008
2.582507
2.584695
13.746299
9.786117
10.985567
8.511298
====Insertion Sort====
2.578641
2.568620
2.539519
2.538593
2.529525
2.535571
2.554234
2.566113
2.489489
2.555585
2.555994
2.606932
2.557998
2.577199
2.568723
2.539637
2.537604
2.531161
2.538380
2.509000
2.544341
2.578303
2.535747
2.572038
2.538918
2.536335
2.560162
2.544174
2.538594
2.550702
2.590817
2.573645
2.580285
2.575862
2.576559
2.549741
2.546971
2.530692
2.539726
2.511419
2.520046
2.570216
2.529130
2.550610
2.464206
2.552559
2.509917
2.543957
2.543234
2.538219
2.498446
2.539216
2.549537
2.558060
2.542115
2.541950
2.485408
2.545715
2.524327
2.522958
2.561103
2.550148
2.474213
2.517730
2.582228
2.560460
2.529191
2.576476
2.531343
2.559196
2.544754
2.577164
2.553591
2.540908
2.544217
2.522397
2.553151
2.621691
2.492783
2.570770
2.541390
2.531829
2.533449
2.521966
2.543444
2.509303
2.530284
2.530637
2.531537
2.492974
2.539677
2.541261
2.537884
2.532005
2.539671
2.528200
2.554472
2.534002
2.570433
2.564860
====Radix Sort====
0.209296
0.186293
0.185200
0.186241
0.185521
0.185845
0.188562
0.186102
0.185717
0.185585
0.185978
0.186048
0.185201
0.188483
0.186084
0.186305
0.185401
0.188469
0.186268
0.186179
0.199708
0.186085
0.185690
0.185925
0.188526
0.186305
0.185384
0.185588
0.186095
0.185662
0.186133
0.188691
0.186102
0.185514
0.185519
0.202416
0.207802
0.185956
0.215168
0.186088
0.185762
0.200933
0.186013
0.185744
0.185483
0.212385
0.185561
0.185886
0.201448
0.185642
0.185798
0.185893
0.212129
0.185562
0.186122
0.185636
0.185964
0.185518
0.185845
0.211732
0.186002
0.186323
0.185492
0.186185
0.186086
0.186381
0.211842
0.185514
0.186128
0.188518
0.185868
0.185709
0.185580
0.188596
0.185872
0.186088
0.185616
0.185986
0.185586
0.186080
0.188117
0.185647
0.185826
0.186308
0.188978
0.185681
0.185862
0.188247
0.185279
0.186031
0.185336
0.188319
0.186155
0.185579
0.185573
0.185784
0.185694
0.185745
0.188745
0.185682
====Merge Sort====
11.658529
4.551277
4.549120
4.544281
4.538393
4.544093
4.561655
4.563136
4.540691
4.554536
4.552511
4.543891
4.535934
4.565149
4.608703
4.580948
4.573473
4.578830
4.578705
4.574446
4.577871
4.575892
4.578349
4.618038
4.589726
4.573019
4.576092
4.583430
4.539901
4.564303
4.535307
4.532247
4.540664
4.539012
4.540152
4.544305
4.566145
4.566007
4.556526
4.541034
4.548886
4.749829
5.161886
4.716423
4.713043
4.737251
4.568949
4.576220
4.608272
4.573409
4.571780
4.543347
4.563252
4.551265
4.548765
4.545572
4.541915
4.537273
4.543662
4.606876
4.574206
4.602478
4.579072
4.575513
4.622610
4.584917
4.604190
4.580501
4.585982
4.577058
4.565296
4.576996
4.578073
4.604681
4.575742
4.573754
4.582158
4.582083
4.576505
4.594210
4.603598
4.590474
4.576609
4.623328
4.582234
4.580215
4.582705
4.602287
4.580083
4.583779
4.584770
4.572826
4.574553
4.578169
4.597168
4.584014
4.573341
4.576764
4.585460
4.579675
====Bubble Sort====
40.565106
40.519818
40.445519
40.477812
44.696946
45.938198
40.646358
41.224443
41.227413
43.273595
42.025403
41.366217
40.581601
44.246390
40.519468
40.124811
41.226344
42.543406
41.103859
40.552908
43.277556
41.256463
42.107105
41.024360
49.682602
40.805320
41.361212
44.926433
41.189484
45.535242
41.597200
42.784298
44.459763
41.870196
43.362399
49.346250
45.442731
43.837837
40.936196
40.786570
40.810310
41.615487
41.740811
42.156892
44.556116
41.550741
40.776072
42.048087
48.658877
41.282444
41.725038
44.502043
42.973734
41.108959
46.122063
40.312409
41.424328
40.705343
41.539242
44.171285
43.197694
43.708143
42.871966
42.884331
41.258310
45.507012
40.838117
40.980021
41.630357
44.885135
40.586232
41.351648
40.669670
40.623867
41.155613
40.682265
40.639545
43.368974
42.281435
40.961394
40.729134
40.875076
40.437729
40.885874
40.605750
49.073226
41.959936
40.430527
45.746810
40.604815
42.004766
42.036822
44.884748
40.158452
40.941994
40.424063
41.364787
43.752164
43.688269
43.454057
