====Quick Sort====
7.215059
2.497418
2.592135
97.637256
39.253197
0.776837
47.357423
0.784526
48.514647
87.50642
0.693464
0.764499
62.985765
0.725509
44.141299
0.854786
0.900383
0.832793
46.953745
54.927262
0.707886
0.762055
25.179865
96.889051
100.019018
30.102231
75.825111
0.800427
54.264529
0.684141
27.160123
0.746249
35.408519
70.106246
56.231999
46.461631
73.602163
0.688647
55.380451
0.733128
33.49806
46.975812
0.748502
43.27639
0.755956
40.794921
0.728393
0.70841
96.881686
65.573219
48.445953
0.757349
0.721044
20.120235
64.605185
0.72343
48.250395
0.746362
0.704926
49.915462
100.440497
29.582164
0.749511
0.673045
38.27255
0.815275
43.363952
0.689903
0.808806
64.627885
26.512475
0.74606
101.487274
0.71308
0.725029
0.697075
24.659253
89.885565
47.650558
0.720569
0.735997
49.138714
92.089848
0.743182
0.727644
62.224436
0.787428
0.728037
0.730952
0.820781
0.728229
89.567597
0.712373
51.696171
0.706497
0.777271
94.249294
45.552883
60.639571
28.007833
====Insertion Sort====
45.855527
23.94928
7.886614
12.60624
8.644862
7.589055
9.55269
13.891408
7.158163
8.867609
9.548261
9.353259
9.571243
9.635578
9.597368
7.708635
12.601467
9.46188
7.972018
8.770961
12.650993
9.457455
9.480074
9.534057
9.486908
7.855792
7.347613
8.048212
9.482592
7.9739
9.591892
9.618536
8.556209
9.800101
7.81919
9.472677
7.312188
8.123736
9.500323
9.151811
7.234411
7.600973
9.448258
9.0595
7.105643
7.689443
12.461625
8.438945
9.425264
9.484883
11.310837
7.285115
8.188799
7.972848
7.966349
7.661743
9.292932
9.51344
9.306982
12.541518
9.57227
7.81542
8.606466
17.568663
9.35037
9.565573
9.451057
9.52884
9.454661
9.574361
9.516588
8.109636
9.734642
7.232144
7.297078
7.275631
14.068824
7.323738
7.839337
8.50164
9.495651
7.266927
7.410221
9.430734
9.514938
12.452953
8.536697
8.949169
7.263031
12.795148
8.338687
8.388633
8.167263
8.614715
9.498183
9.449266
9.171919
7.989572
9.926411
7.382365
====Radix Sort====
11.987081
9.977602
3.224052
3.298455
3.263309
3.221115
3.19605
3.296779
3.287593
3.240626
3.228214
3.588663
3.266085
2.776595
2.767299
2.576182
2.448943
2.558472
2.468472
2.461676
2.425312
2.445166
2.487251
2.473098
2.453071
2.465421
2.59075
0.923735
0.871681
0.871531
0.885133
1.013737
0.85742
0.957317
0.865487
0.958107
0.996394
0.963956
0.798623
0.796429
0.786054
0.84174
0.782987
0.820651
0.724072
0.737817
0.773804
0.748895
0.734236
0.730599
0.854611
0.756052
0.747361
1.855831
0.793436
0.933392
0.771984
0.758122
0.734783
0.723122
0.799854
0.745771
0.748075
0.745729
0.738427
0.754916
0.749126
0.774861
0.728527
0.826935
0.758802
0.747975
0.748846
0.769947
0.894294
0.750078
0.741967
0.732735
0.72834
0.877444
0.75736
0.754613
0.743527
0.730971
0.777734
0.757439
0.738027
0.720567
0.735459
0.756684
0.753016
0.751524
0.734077
0.858268
0.76108
0.738397
0.736389
0.737069
0.888524
0.756485
====Merge Sort====
6.001934
4.158075
4.05403
4.086152
4.124914
4.137047
4.161699
4.08218
1.654932
1.377127
1.359735
1.19661
1.195359
1.203054
1.297442
1.194701
1.198163
1.206593
1.209811
1.191006
1.199671
1.19978
1.210397
1.209897
1.195829
1.193348
1.197634
1.251579
1.196444
1.192938
1.202449
1.303649
1.194788
1.202995
1.232099
1.292677
1.195843
1.206422
1.199318
1.203892
1.190583
1.202266
1.196153
1.21411
1.223061
1.188727
1.203066
1.202615
1.251177
1.20621
1.198574
1.194226
1.32138
1.193675
1.201816
1.206534
1.196688
2.189328
1.303181
1.261777
1.234783
1.188109
1.196652
1.197731
1.200014
1.233896
1.194539
1.204224
1.208672
1.269973
1.191146
1.192278
1.204571
1.312238
1.189633
1.205825
1.19831
1.20178
1.190142
1.20209
1.201508
1.209576
1.226495
1.188576
1.224406
1.205625
1.248736
1.200976
1.197726
1.193892
1.2813
1.193738
1.202078
1.202204
1.285927
1.187763
1.20153
1.203815
1.201439
1.190257
====Bubble Sort====
93.714924
82.167887
78.020485
81.201597
76.973643
77.894493
77.318661
78.010156
83.117061
78.819896
93.214093
78.383963
79.053988
82.775575
78.130383
89.95949
77.585353
79.801828
77.755082
79.049376
77.53466
78.61836
78.687902
77.52749
79.254618
79.145952
79.056963
79.644324
77.748424
79.312411
87.726156
78.617459
79.82667
82.186165
79.396006
77.690979
79.218509
78.957381
77.610256
79.639705
78.979493
79.243536
78.454871
82.435013
78.521664
77.671253
78.836856
79.356385
78.689506
79.322712
78.797838
79.099313
79.135301
78.012889
80.033252
90.387738
79.053143
78.823152
78.607835
78.851197
78.149302
78.719635
78.064262
79.773299
79.328576
77.839996
78.571945
77.592811
78.569195
79.587187
81.872415
79.299591
78.157897
78.690401
78.925916
78.234178
78.81553
78.299599
78.318388
79.790328
77.75895
78.698984
77.809436
78.236823
78.877938
77.803875
78.644826
77.545717
78.911767
77.735393
79.027428
80.919654
77.498143
78.010674
78.142812
78.705688
78.896933
78.112902
78.601685
77.978647
