====Quick Sort====
194449201
120611832
411293244
219327864
3724673
196981683
6127669
3587480
198048607
137564014
174036957
427717740
3905684
3238152
197298929
3461599
211356641
3430027
111335389
3323214
3370533
3651878
223238162
4066135
246262839
452105154
3465343
271857601
3345795
106837974
3247464
3576169
3395271
4072057
255791983
3446797
173186359
3652798
288349689
202133855
3431508
136896359
3545402
133291637
231711910
3498683
333729926
3568604
214649977
159268038
252991569
3537037
3527000
330329892
3480898
3295435
115206519
316314665
3734838
140195129
3332901
3653908
374561590
445712788
3883877
3577505
3494786
3395067
3707519
258692721
3832371
3585210
3495382
96754643
3668270
279329627
96066584
3500872
149623607
257990675
164737600
3953537
170123295
227552463
4031039
298400593
217452434
224688495
385120640
181372299
3593205
177704220
120862023
186414131
3343754
232089566
132099910
251379095
146474945
3479413
====Insertion Sort====
102822166
103151024
101727574
98931959
103828320
101263529
103136132
100601600
108207695
102624952
103568060
102511812
103248386
98978344
97076199
103845747
102965324
100466697
105578721
100769982
102263667
103788213
101536225
97911069
103398321
103566076
103192600
97239011
103642901
100844646
103214775
102478621
103122750
100778489
106206196
100343200
101713774
99627413
106417565
95859549
104412445
100019117
104311583
103235201
104032841
101690024
105206592
103843438
104702409
100200426
103675974
102725077
102863735
100827655
103512015
100223564
101915360
102855564
105222648
103676260
103056318
102494171
102811846
100372329
103817632
98875146
103985610
99390338
107072851
99971510
101221962
102740510
103639055
101759768
103405840
102129603
102716268
103192008
104500891
100281809
102309480
100299635
103838145
102650689
106451027
100369251
103655651
99920417
105724937
104918686
103571647
97937656
103351175
98618289
103098982
100218389
103666719
98844568
105189120
101726752
====Radix Sort====
2979472
2948227
2955650
2949388
2968211
2973116
2966066
2958719
2952709
2951291
2954227
2944752
2953213
2975300
2956318
2955618
2953746
2949896
2966063
2964844
2951893
2995187
2978018
3047554
2957464
3055047
2959053
3096604
2956297
3073436
2977922
3040579
2954996
2929936
2954215
2937032
2953343
2938184
2953283
2953807
2953189
2934163
2953785
2926713
2953582
2930810
2952639
2926127
2956667
2929460
2953186
2932191
2953733
2965490
2950242
2925117
2985036
2943404
2964138
2935646
2956105
2923569
2955891
2928619
2957229
2958926
2959099
2934055
2955692
2925936
2955934
2938857
2969259
2969528
2966934
2938787
2963809
2937016
2966830
2936121
2956917
2924592
3125192
3298186
3057604
2999379
2958854
2940812
2958019
2927338
2959891
2927429
2969386
2925929
2969868
2927283
2963521
2926009
2972078
2974177
====Merge Sort====
5934403
5935772
5904380
5871875
5925725
5868723
5903301
5892235
5904691
5882660
5898345
5859005
5915389
5862679
5923204
5863135
5910271
5875176
5914624
5946013
6256632
6221504
5897012
5867886
5920684
5856410
5893113
5857911
5894183
5868552
5900766
5863640
5889031
5886925
5895548
5873435
5907901
5868747
5916638
5880434
5978450
5884937
5937125
5910155
5895575
5867478
5896710
5870738
5926421
5875058
5949996
5882355
5896708
5890274
5927158
5869114
5905431
5864400
5932425
5861547
5912260
5862461
5903170
5890483
5893284
5864096
5901218
5866885
5904452
5868897
5889355
5868835
5923031
5869024
5879444
5868293
5881680
5903695
5891464
5866016
5887403
5900022
5910920
5890501
5896211
5877603
5936373
5894007
5882721
5873906
5893593
5862190
5883752
5861095
5890141
5995830
6086815
5968713
5887477
5873122
====Bubble Sort====
266500385
265719439
265177932
266591361
267879868
264087791
265814191
268810946
265923183
264086928
269076206
264512320
266479814
262735695
268816962
265358448
267304222
264533658
268812396
266988764
264318998
264629203
266914237
267362308
267685496
261731975
270900019
268459506
266772278
264739880
269475312
267519367
266557117
268147450
267606578
262799312
264668456
268890006
265137894
261863824
265685343
264979122
267761655
264718488
264874886
269009960
266192211
267332011
264432816
268463742
263426000
263367315
266295402
266015831
265896305
263955141
265593961
266437344
263107488
264652484
269324401
268912662
263853400
266579231
265379201
265956400
263210866
266543607
269614005
265083322
264341643
265133788
265856852
265080135
263887063
263348732
262243499
266184097
263716302
262540147
266257308
262887803
267962172
264767156
263635553
262626261
267986616
267309832
265654092
266108793
264505110
266639901
267259812
269028468
265493257
264806408
263887600
264999021
265958540
264125714
