====Quick Sort====
0.5268099997192621
0.5839560013264418
0.39883399941027164
3.644396999850869
0.5885299984365702
21.045283999294043
0.5273020006716251
0.4229080006480217
0.46589299850165844
0.39240199886262417
20.849196000024676
0.34102899953722954
0.3312389999628067
0.41614400036633015
0.3399579990655184
0.3601150009781122
13.385035999119282
0.37916900031268597
0.3587130010128021
6.261212000623345
0.3847460001707077
0.471263000741601
18.872045999392867
0.38786400109529495
0.35540799982845783
9.796397000551224
0.3544420003890991
0.32542699947953224
0.3448439985513687
0.34469199925661087
0.3469670005142689
18.03035799972713
0.37248400039970875
0.41132100112736225
0.3675590008497238
0.34982299990952015
0.35819200053811073
0.3490529991686344
0.38321700133383274
11.929199000820518
0.37929699942469597
0.4336029998958111
0.3525370005518198
0.4004490002989769
0.3902240004390478
10.387201000005007
23.7304570004344
0.4105740003287792
0.3327029999345541
13.318366000428796
15.909354999661446
0.3491730000823736
0.31893299892544746
0.37012699991464615
0.3581329993903637
0.32637699879705906
18.50633999891579
0.3192430008202791
14.772396000102162
0.33847999945282936
0.32987399958074093
0.3202509991824627
22.38649499975145
0.3854819983243942
8.889588000252843
22.601794000715017
17.33776899985969
10.715882999822497
15.12512599863112
0.3871720004826784
0.4242710005491972
0.3611880000680685
0.3789840005338192
0.3770189993083477
12.54475399851799
0.4013440012931824
0.3307859990745783
14.730863999575377
23.22588099911809
0.32768299989402294
0.35266299918293953
10.46807700023055
0.3448350001126528
0.34473999962210655
0.3941000010818243
0.3871039990335703
0.4308879990130663
6.417238000780344
0.3489309996366501
20.442664999514818
0.4127510003745556
0.3607809990644455
0.32869300059974194
0.33527700044214725
24.662663999944925
0.3982090000063181
0.37691100127995014
0.3676009997725487
33.08500099927187
0.777156999334693
====Insertion Sort====
19.293819999322295
10.003471000120044
11.462440999224782
9.450817000120878
8.234966000542045
8.098517000675201
8.63705600053072
8.58274699933827
8.272874001413584
8.221999000757933
8.780324000865221
9.213594000786543
9.193200999870896
8.261405000463128
8.258987000212073
8.02963500097394
8.741317998617887
8.200555000454187
8.346783999353647
8.136357000097632
7.732006998732686
7.654927000403404
7.786425000056624
7.223438000306487
7.318064998835325
7.304978000000119
7.445363000035286
7.305028999224305
7.139886999502778
7.230000000447035
7.240406999364495
7.335411999374628
7.615970999002457
7.391388000920415
7.3463350012898445
7.43839299865067
7.276497999206185
7.26931600086391
7.782304000109434
7.362892000004649
7.238499000668526
7.385474000126123
7.104620998725295
7.413513999432325
8.581886999309063
7.631020998582244
7.420561000704765
7.274577999487519
7.513621998950839
7.125316999852657
8.349938999861479
7.668583000078797
7.3746050000190735
7.33564000017941
7.615625999867916
7.381154000759125
7.1794969998300076
7.540808999910951
7.498208999633789
7.14657099917531
7.480054998770356
7.238557999953628
7.149789998307824
7.272370999678969
7.439650999382138
7.273526001721621
7.3037910014390945
7.1948320008814335
7.312575001269579
7.310396000742912
7.683729000389576
8.09019099920988
7.343405999243259
7.704944999888539
7.283086000010371
7.495884999632835
7.26308099925518
7.415998000651598
7.219198999926448
7.289176000282168
7.307564999908209
7.239748999476433
7.1322649996727705
8.03664500080049
7.589039999991655
7.592139000073075
7.415156999602914
7.333948001265526
7.119082000106573
7.193518999963999
7.45677699893713
7.232645001262426
7.315075999125838
7.583712000399828
7.301767999306321
7.197847001254559
7.343771001324058
7.235640000551939
7.255323000252247
7.327146999537945
3.605094000697136
2.9908659998327494
====Radix Sort====
7.465936999768019
0.38250199891626835
0.8777839988470078
0.2682190015912056
0.3080230001360178
0.26824599876999855
0.26497700065374374
0.26775299943983555
0.26526499912142754
0.3127269987016916
0.2647199984639883
0.30334100127220154
0.7205910012125969
0.2742889989167452
0.2620609998703003
0.30857199989259243
0.2617540005594492
0.30540600046515465
0.26295999996364117
0.2683830000460148
0.2677820008248091
0.2667730003595352
0.44984699971973896
0.2613500002771616
0.26539599895477295
0.2673929985612631
0.2631279993802309
0.27456399984657764
0.26114699989557266
0.2749310005456209
0.2661819998174906
0.2872899994254112
0.2695080004632473
0.28320199996232986
0.26259499974548817
0.274100000038743
0.26438199914991856
0.264249999076128
0.4150079991668463
0.26643599942326546
0.27897899970412254
0.26227499917149544
0.262211000546813
0.26209599897265434
0.26180300116539
0.26673500053584576
0.2659770008176565
0.37644300051033497
0.26329199969768524
0.26226700097322464
0.267365999519825
0.28878000006079674
0.2825279999524355
0.6369880009442568
0.2640449982136488
0.2709929998964071
0.265064999461174
0.26338700018823147
0.27013800106942654
0.27180599980056286
0.2679450009018183
0.2650019992142916
0.2644379995763302
0.355273999273777
0.3385819997638464
0.362508999183774
0.32831500098109245
0.26294900104403496
0.3790869992226362
0.29604100063443184
0.28966000117361546
0.29054700024425983
0.30132400058209896
0.36719999834895134
0.2625600006431341
0.41386299952864647
0.3754569999873638
0.27095700055360794
0.262321999296546
0.26460999995470047
0.263731999322772
0.2675580009818077
0.3350959997624159
0.2628309987485409
0.27033100090920925
0.27010999992489815
0.44184800051152706
0.43251699954271317
0.46554099954664707
0.49184999987483025
0.5527509991079569
0.5945970006287098
0.4286370016634464
0.38159199990332127
0.5281310006976128
0.367875000461936
0.43825499899685383
0.26564500108361244
====Merge Sort====
5.780760001391172
2.373275000602007
2.0002430006861687
2.660613000392914
2.210191000252962
2.274678999558091
1.5945600010454655
1.6735750008374453
1.9464859999716282
1.5704279989004135
1.4871730003505945
1.538017999380827
1.4542520008981228
1.713331000879407
1.552267998456955
1.502751000225544
1.4699169993400574
1.5168239995837212
1.935258999466896
1.5908840000629425
1.5935249999165535
1.4851190000772476
1.4841909985989332
1.9411509986966848
1.6653390005230904
1.5132420007139444
1.434579998254776
1.4322149995714426
1.6856430005282164
1.6335230004042387
1.4411580003798008
1.4834550004452467
1.4617909993976355
1.643105000257492
1.5986310001462698
1.456963999196887
1.44187300093472
1.4466150011867285
1.553354999050498
1.6224879994988441
1.8539429996162653
1.533720999956131
1.6936940010637045
1.467961998656392
1.680079000070691
1.534298000857234
1.5037679988890886
1.4423609990626574
1.5815350003540516
1.4909520000219345
1.6048380006104708
1.477149000391364
1.4324769992381334
1.6075960006564856
1.4760929998010397
1.6415780000388622
1.444106999784708
1.5535209998488426
1.4388990011066198
1.4651729986071587
1.5579889994114637
1.549202000722289
1.440582999959588
1.4346880000084639
1.432175999507308
1.4383280016481876
1.5279150009155273
1.6437870003283024
1.4582839999347925
1.4377579987049103
1.4900030009448528
1.7952509988099337
1.6393749993294477
1.5306180007755756
1.5179469995200634
1.4663939997553825
1.529365999624133
1.6517179999500513
1.4809219986200333
1.441313998773694
1.4324920009821653
1.4291489999741316
1.437932001426816
1.7164210006594658
1.443648001179099
1.4303559996187687
1.4272809997200966
1.520014001056552
1.4426589999347925
1.4295299984514713
1.6699179988354445
1.4282479993999004
1.7179979998618364
1.6583110000938177
1.5602599997073412
1.5106479991227388
1.4682209994643927
1.608007999137044
1.634468000382185
1.5381860006600618
36.40028099901974
====Bubble Sort====
34.0967959985137
35.58440599963069
32.591201001778245
31.862585999071598
31.068411000072956
31.50033999979496
32.13340999931097
30.892528999596834
31.300371000543237
32.662104001268744
33.4868290014565
36.42579399980605
34.077668000012636
33.35120900161564
33.17809200100601
33.476429000496864
33.76569399982691
34.06972600147128
33.67853100039065
32.71834200061858
32.73785499855876
33.17743599973619
32.771904001012444
32.697254998609424
32.93499399907887
33.35013400018215
32.50340300053358
33.486571000888944
32.55594599992037
32.827774999663234
32.977887999266386
32.88723099976778
32.670783998444676
34.40875600092113
34.40261900052428
31.46831300109625
30.987580999732018
33.17928699962795
32.7119390014559
30.908095000311732
31.00437300093472
30.66311499848962
30.347180999815464
30.203137999400496
30.163478000089526
29.987206000834703
29.330182999372482
29.55926200002432
29.884251998737454
29.432579999789596
29.23671399988234
29.03296099975705
29.36826399900019
29.310405001044273
32.00373199954629
31.36770199984312
31.302814001217484
30.586205000057817
30.70953099988401
29.645356999710202
29.92663599923253
30.676124000921845
30.196911001577973
31.054455000907183
30.88077099993825
31.132749998942018
31.599456999450922
32.57398799993098
35.42941400036216
33.64395499974489
34.71121400035918
34.53683999925852
32.9161280002445
31.033214999362826
29.87057700008154
28.644619999453425
30.684245999902487
29.54390799999237
29.11526199989021
29.133918000385165
29.016792001202703
29.074911998584867
29.787961000576615
29.47201200015843
29.17212000116706
29.412107000127435
31.95352100022137
33.751561000943184
32.488730000332
35.440928000956774
32.68043899908662
31.710872000083327
31.409200999885798
32.4764200001955
33.59612400084734
36.23784200102091
35.23409399949014
37.78581799939275
32.4594740010798
