====Quick Sort====
4.358391
3.732113
3.576851
79.727192
40.217810
2.437504
42.513687
2.618003
48.819514
86.407989
2.649446
2.547278
51.514425
2.563544
44.021272
2.422407
2.412269
3.229415
47.499255
55.629435
2.438589
2.394823
28.266657
93.939703
96.749797
32.103171
73.375456
2.323257
55.519529
2.404524
30.369073
2.418064
36.956094
72.803441
51.289864
38.169123
72.359130
2.457628
57.248024
2.434431
35.256476
47.884074
2.446680
43.474667
2.448721
42.377295
2.408331
2.417147
93.090072
64.641399
49.721941
2.397520
2.459253
23.314200
65.043865
2.485363
48.989951
2.442285
2.422358
52.757612
97.650426
32.068916
2.414046
2.431413
40.934954
2.456006
45.139089
2.430212
2.447316
64.180539
29.132604
2.407166
97.157942
2.690654
2.550788
2.507381
26.874425
87.195788
49.038456
2.432885
2.467589
49.983264
89.538922
2.386205
2.422662
61.036019
2.456116
2.437019
2.465369
2.459554
2.443014
86.914393
2.432623
52.373893
2.434718
2.433481
90.480204
45.874995
59.907637
30.699179
====Insertion Sort====
20.918379
21.112663
20.782437
21.115385
21.119668
20.745854
20.951328
20.826051
20.369869
20.887266
20.917253
21.364512
20.967624
21.101209
21.300679
21.623943
20.777103
20.730000
20.998855
20.528845
20.863965
21.112569
20.767703
21.310033
20.916690
20.875887
21.266933
23.830932
23.143901
21.252989
21.046895
21.231481
21.954472
21.111535
21.131324
20.946060
20.674664
20.976307
20.945882
20.577766
20.701097
21.061657
21.479798
20.946899
20.274732
21.155892
20.608369
20.908784
20.994043
20.919367
21.008334
23.118806
24.135529
21.992595
21.823810
21.485865
23.262966
21.602739
21.221619
21.267438
21.133221
21.013315
20.618203
20.625177
22.760308
22.703918
21.278938
21.205580
20.772105
20.987535
21.524509
21.389706
21.102900
21.367908
20.937297
20.699123
20.922972
20.948212
22.028918
22.338814
21.283999
20.813612
21.535771
20.939901
20.947185
20.545433
21.008661
24.932034
21.191747
20.478086
21.016805
20.927818
20.895053
20.846044
21.967689
35.679676
30.915519
26.510448
26.817592
23.059191
====Radix Sort====
1.177990
1.147327
1.145067
1.151773
1.143113
1.146315
1.149030
1.146261
1.147509
1.142762
1.144082
1.146782
1.145884
1.155388
1.148336
1.145713
1.145684
1.149127
1.146356
1.144353
1.144351
1.143556
1.142088
1.145725
1.147265
1.144412
1.147504
1.145661
1.144486
1.142934
1.142775
1.143698
1.135533
1.152422
1.143604
1.143573
1.155514
1.144275
1.143597
1.146076
1.143571
1.143502
1.145953
1.150099
1.144677
1.147445
1.152173
1.145448
1.146855
1.153618
1.145346
1.147196
1.146614
1.139697
1.148738
1.145772
1.153029
1.151650
1.422401
1.290985
1.213891
1.274545
1.285806
1.288597
1.281731
1.287036
1.312316
1.288285
1.280772
1.277598
1.280372
1.300245
1.293613
1.278994
1.312468
1.724424
1.592505
1.632237
1.653682
1.760335
1.734050
1.722650
1.737043
1.732957
1.737751
1.742265
1.740075
1.744903
1.743968
1.743472
1.740714
1.728667
1.690060
1.692225
1.585687
1.503318
1.474800
1.490009
1.242120
1.089655
====Merge Sort====
8.675303
7.575802
7.391906
7.388733
7.427144
8.108869
7.817868
7.390930
7.550044
7.398784
7.439013
7.425047
7.394571
7.383885
7.397256
7.396187
7.690167
7.406049
7.396738
7.437682
7.385004
7.546504
7.756309
7.711053
7.530508
7.403305
7.440785
7.590473
7.919156
7.590143
7.389862
7.396139
7.868506
7.437043
7.503374
7.483687
7.403330
7.492697
7.414385
7.404917
7.408646
7.434383
7.400885
7.389181
7.398353
7.389786
7.494873
7.393296
7.396097
8.155173
7.390561
7.391780
7.385609
7.390956
7.393623
7.380381
7.471614
7.389661
7.382923
7.387913
7.389615
7.386223
7.389751
7.391453
7.392042
7.399653
7.421547
7.383188
7.375558
7.381458
7.386725
7.383032
7.387464
7.380814
7.379562
7.555407
7.544409
8.363828
8.329392
8.010516
7.894278
8.643667
7.814783
7.940574
7.636500
7.625748
7.467636
7.616695
7.394746
7.400044
7.395623
7.385317
7.390005
7.418538
7.396060
7.447611
7.428716
7.388275
7.394287
7.386734
====Bubble Sort====
86.829146
85.987309
85.971367
86.252466
86.842139
87.310214
86.244798
86.609445
86.975628
88.904435
86.331994
87.930407
86.672551
87.580782
85.566139
85.170651
86.113847
88.210491
86.569466
86.740216
86.525724
86.894653
86.098876
86.724465
86.135027
86.325531
86.313760
86.881827
87.145364
86.739265
86.277537
86.221965
87.204140
87.012717
90.122301
86.743074
88.251496
86.369511
89.611169
87.719245
87.419530
90.122160
85.849432
86.060350
85.539506
86.929108
87.165535
88.771681
86.699814
86.572678
86.873054
86.094034
86.409916
86.269345
87.269627
86.070715
86.103927
86.306776
86.974733
86.770454
86.966962
87.002166
86.882027
87.086682
86.236606
87.419032
86.832879
86.670947
88.056513
87.412151
86.470131
87.362433
86.701049
85.929832
86.615280
85.929764
86.053342
86.756563
86.756297
87.131853
86.439711
86.613112
85.990014
85.776855
85.823192
86.597809
86.632358
86.076842
87.418855
86.215857
87.158448
86.781570
86.283523
86.175448
86.514634
86.141826
86.189080
87.486817
85.615728
86.814497
