====Quick Sort====
2.917872999998508
0.5934779999952298
0.851993999996921
21.869817999991938
10.86623800000234
0.3363569999928586
11.176254000005429
0.39081100000476
13.956709999998566
24.240982000002987
0.3159109999978682
0.3565050000033807
13.722974000003887
0.3819519999960903
11.681783000007272
0.30377800000132993
0.29574099999445025
0.30523499999253545
11.760293999992427
13.80091099999845
0.3029030000034254
0.2971699999907287
6.616748000000371
24.37609999999404
27.189893000002485
8.113266000000294
20.403320999990683
0.3145760000043083
13.95397299999604
0.3009799999999814
7.056988000011188
0.3050340000045253
9.036596000005375
17.46930200001225
12.821390999990399
0.3019569999887608
14.172626999992644
10.2698240000027
8.472133000002941
20.063655999998446
0.30500300000130665
11.91724099998828
0.30635300000722054
11.290905000001658
0.30796299999929033
10.943140999996103
0.29945299999963026
0.2964759999886155
24.98445800000627
16.27540100000624
12.186134999996284
0.30074799999420065
0.30897499999264255
5.268514999988838
16.092193000004045
0.3061299999972107
12.377958000011859
0.3057520000002114
0.30607199999212753
12.464491000006092
25.78630000000703
7.7172410000057425
0.3004849999997532
0.29991200000222307
9.544714000003296
0.30867500000749715
11.110992000001715
0.29754099999263417
0.3081919999967795
17.112029999989318
6.847667000009096
0.3024390000064159
25.690088999996078
0.3060249999980442
0.3014779999939492
0.2964840000058757
6.266874000008102
23.827912000007927
14.270304999998189
0.3365100000082748
0.3278379999974277
13.443124999990687
23.155108999999356
0.2948280000127852
0.3061569999990752
15.785881000003428
0.35772200000064913
0.33274999998684507
0.353529999993043
0.35429399998974986
0.30182600000989623
23.077636000001803
0.3078559999994468
13.15085099999851
0.30627100000856444
0.30549499999324325
23.998923999999533
11.37659500000882
16.728788000007626
7.381250999998883
====Insertion Sort====
10.553788000004715
8.604824999987613
9.489422999991802
8.244773999991594
8.042709000001196
8.041162000008626
8.13702400001057
7.9705119999998715
8.208180000001448
7.96902499999851
8.235673999995925
8.625208999990718
7.971782999986317
8.02542700000049
8.031264999997802
8.019302000000607
7.9821110000048066
8.069631000005757
7.973957999987761
7.806798000005074
7.9428679999982705
8.728556999994908
8.089965000006487
8.313202000004821
8.0598389999941
7.894885000001523
7.979617999997572
7.919938000006368
7.903789000003599
7.950660999995307
7.987547999990056
8.093812000006437
8.041175000005751
8.579014999995707
10.905741000009584
8.509648999999627
8.02335299999686
8.150708999994094
8.188081000000238
8.01663600000029
7.85478900000453
8.049373000001651
7.878249000001233
7.94515900000988
7.666557000004104
7.9560809999966295
7.948678000000655
7.920731999998679
7.854823999994551
11.488526999994065
7.82822500000475
7.935174999991432
7.942410999996355
8.0123450000101
7.926330000002054
7.948721000007936
7.799869000009494
7.997728000002098
7.967682999995304
8.146674000003259
8.090924999996787
7.945963000005577
7.832322999995085
7.938846999997622
8.179206999993767
8.167295999999624
7.9249659999914
10.057682999991812
11.15350000000035
11.942490000001271
9.740619999996852
9.094144999995478
8.894545999995898
8.124731999996584
8.13580400000501
7.881924000001163
8.020293000008678
8.055963999999221
7.844225000008009
8.52264200001082
8.409912999995868
8.054856000002474
7.9573660000023665
7.901453999991645
7.927165000000969
7.806725000002189
7.8854320000100415
8.84818400000222
7.888225000002421
7.9268840000004275
7.916913000008208
7.919773999994504
7.899595000009867
7.889689999996335
8.037754000004497
7.9466709999978775
8.143694999991567
9.371010999995633
8.729710999992676
8.419852000006358
====Radix Sort====
4.512170999994851
5.1627949999965494
0.3861330000072485
4.717483999993419
0.3963530000037281
0.7735370000009425
0.3004110000038054
0.29996200000459794
0.2953609999967739
0.4346030000015162
0.33079300000099465
0.29865099999005906
0.29317299999820534
0.29183600000396837
0.29409099998883903
0.2907180000038352
0.28704899999138433
0.2895370000042021
0.5740460000088206
0.293072000000393
0.28530099999625236
0.2887219999975059
0.36907899999641813
0.47131500000250526
0.3779050000011921
0.3918100000009872
0.5544170000066515
0.3314410000020871
0.29893299999821465
0.2932160000054864
0.29900899999483954
0.3967689999990398
0.373288999995566
0.45510799999465235
0.3395450000098208
0.2999149999959627
0.3105009999999311
0.3885710000031395
0.3080130000016652
0.4064950000029057
0.32871699999668635
0.289799000005587
0.3006679999962216
0.35568500000226777
0.3061420000012731
0.3015789999917615
0.3048629999975674
0.30690599999797996
0.3060659999900963
0.28536400001030415
0.2954159999935655
0.4797930000058841
0.29629099999147
0.2942049999983283
0.32300299999769777
0.3072929999907501
0.29824699999880977
0.3015270000032615
0.42997399999876507
0.30334399999992456
0.291231000010157
0.2950659999914933
0.3859800000063842
0.2935109999962151
0.2933460000058403
0.2950399999972433
0.322569999989355
0.29477000000770204
0.28887000000395346
0.3691850000031991
0.2971370000013849
0.29283700000087265
0.295285000000149
0.2972779999981867
0.29418100000475533
0.30756999998993706
0.2917250000027707
0.3776800000050571
0.30082400000537746
0.2952670000086073
0.30177700000058394
0.30091799999354407
0.30805599999439437
0.2889839999988908
0.30850899999495596
0.4390009999915492
0.29952899999625515
0.2967260000004899
0.30327100001159124
0.29580300000088755
0.2922720000060508
0.2926060000027064
0.29472000000532717
0.2926840000000084
0.4578780000010738
0.29244599999219645
0.29328899999381974
0.29761899998993613
0.2994299999991199
0.38520900000003166
====Merge Sort====
5.643245000013849
2.3552119999949355
2.2703140000085114
2.011050000000978
2.077575999996043
1.8811129999958212
2.0414049999963026
1.364383000007365
1.5924959999974817
1.7375650000030873
1.3207499999989523
1.4007569999957923
1.334022000010009
1.3943409999919822
1.320125000012922
1.3824800000002142
1.3129699999990407
1.3784190000005765
1.4848110000020824
1.2876959999994142
1.2892030000075465
1.4032449999940582
1.2842340000061085
1.3544830000028014
1.3449070000060601
1.2832780000026105
1.3465010000072652
1.278091999993194
1.332494999995106
1.2780330000096
1.3532699999923352
1.2797839999984717
1.3434350000025006
1.274929000006523
1.3409389999869745
1.3381789999984903
1.2886449999932665
1.6546420000086073
1.3644720000011148
1.4744590000045719
1.3182080000115093
1.387194000009913
1.326453000001493
1.3906649999989895
1.3143589999963297
1.3614390000002459
1.2841689999913797
1.3222959999984596
1.4455659999948693
1.4553479999885894
1.3500389999971958
1.286430999985896
1.344461999993655
1.2878619999974035
1.3381749999971362
1.2754940000013448
1.3527370000083465
1.2822420000011334
1.345167000006768
1.2813139999925625
1.3394989999942482
1.278212999997777
1.3431649999984074
1.3526439999986906
1.2810870000103023
1.344664999996894
1.2783389999967767
1.3434759999945527
1.286642999999458
1.3380529999994906
1.2767529999982798
1.3479179999994813
1.280295999997179
1.342516999997315
1.2795320000004722
1.3428160000039497
1.4794350000011036
2.0020859999931417
2.00093699998979
2.2264430000068387
1.60979899999802
1.4275820000038948
1.6398320000007516
1.8750839999993332
1.4201860000030138
2.2242739999928745
1.7488819999998668
1.496459000001778
2.0546230000036303
1.6474470000102883
1.8702139999950305
1.8494600000121864
1.6270070000027772
1.7541849999979604
1.6349320000008447
1.6877370000001974
1.5439359999872977
1.586632999998983
1.4433460000000196
1.5054129999916768
====Bubble Sort====
36.97145699999237
39.207280000002356
34.51217300001008
32.26709900000424
32.30255199999374
32.859144999994896
32.826636999991024
33.75995000000694
34.797415000008186
33.022351999999955
32.79751099999703
31.7251319999923
31.848108999998658
31.144062999999733
32.141041000009864
31.63762900000438
32.07784800000081
32.047188000011374
31.0068489999976
32.0081199999986
30.75321900000563
31.567892999999458
31.503544999999576
31.394474000000628
31.143091999998433
31.025154000002658
30.965135999998893
31.314549000002444
31.201974999989034
32.05471199999738
31.84494700000505
31.84645699999237
31.693361999990884
29.03446100000292
28.0877610000025
28.05898800000432
28.56886200000008
28.018540000004577
29.25295900000492
28.75439100000949
28.072380999990855
28.143084999988787
28.2013869999937
28.78019600000698
28.151430999991135
28.04358900000807
29.871463000003132
27.941489000004367
27.883949000010034
28.101498999996693
27.93592200000421
27.983254000006127
27.855595000000903
28.269700000004377
28.235823999988497
28.319109000003664
28.157225000002654
27.872845000005327
28.136467000003904
29.720738999996684
29.229928000000655
28.746383000005153
28.26305299998785
28.03739699999278
28.83701600000495
28.154990000010002
28.08355300000403
28.111067000005278
28.103453999996418
27.916150999997626
28.134069000007003
28.14189400000032
27.689933999994537
28.262698999998975
28.007004000013694
28.048634000006132
28.226630999997724
28.006827999997768
28.365179000000353
30.658440999992308
29.20858400000725
29.10842999999295
28.550048000004608
28.607392000005348
28.063397999998415
27.90344000000914
27.93288000000757
27.905356999996002
28.160639000008814
28.199709000007715
27.97277999999642
27.81943400000455
28.278108999991673
28.741528999991715
28.040912999989814
28.84267000001273
27.936307999989367
29.085641999990912
27.885604999988573
27.960497000007308
