====Quick Sort====
4.057974
3.912992
4.571299
439.661981
252.728583
3.355246
271.344995
3.499617
294.59425
543.687785
3.104484
2.85596
302.022162
3.499814
259.819692
2.910478
2.775485
2.973268
283.562811
327.640241
2.970623
3.07711
155.240991
577.804962
604.418765
182.547051
489.69867
3.24366
324.181121
2.842296
163.701473
2.993228
209.488448
413.359683
304.15782
220.451805
456.93846
3.397761
356.950007
3.002217
197.848422
332.732569
3.729759
270.421897
3.103814
244.99178
2.975543
2.774803
584.281173
387.75976
291.127526
2.799783
3.171414
121.300171
392.410734
3.358032
291.406014
3.201657
3.156055
296.143794
608.047473
182.714563
2.912442
2.758388
230.157053
3.046596
265.399449
2.783694
3.139484
385.031353
170.473008
3.253043
612.448957
3.112239
2.952527
2.784601
157.987206
542.735376
287.622222
2.980074
2.933733
308.335093
552.961352
2.704246
3.014036
368.052596
3.085461
2.979036
3.222743
3.225714
2.951362
541.256839
3.056555
315.09542
3.374589
3.344755
570.306292
272.41527
362.08424
169.644369
====Insertion Sort====
185.833237
189.213518
183.9187
202.216732
186.344007
193.198005
206.693879
204.377203
198.779398
201.385718
186.260537
192.107274
186.024916
187.515522
191.638128
184.128255
187.606217
183.684448
184.281914
184.692908
185.755103
189.116819
187.657946
184.859493
187.635164
185.12106
186.38921
187.851941
184.190668
185.362567
189.963016
187.353035
190.942999
186.577957
187.852103
189.974085
187.958548
183.804943
187.487527
182.441102
187.281606
189.515876
185.542937
188.860211
179.357478
187.317342
187.803976
186.56354
187.88185
187.141171
208.989791
188.721785
188.134884
190.731688
191.490215
185.988829
185.322575
198.580326
187.800809
188.161946
188.995063
189.801612
187.880221
187.052728
194.635063
190.697373
187.855494
195.145919
188.87231
193.066732
189.74317
196.565045
192.96099
188.103771
192.686304
189.651147
191.940203
196.763215
190.538816
192.776669
189.550615
187.925203
189.11427
189.725715
189.274084
187.554589
186.902481
190.643445
189.769738
186.917809
193.479022
190.4189
186.448223
188.027868
188.790132
190.807676
188.409457
188.102945
193.336048
191.283518
====Radix Sort====
2.902267
2.860021
2.798845
2.8278
2.840411
2.837414
2.828103
2.821548
2.830512
2.828934
2.83616
2.82414
2.827931
2.826883
2.838816
2.828162
2.833848
2.82626
2.832885
2.82532
2.828503
2.837836
2.820268
2.943354
2.853882
2.977613
2.944749
2.764055
2.833764
2.838915
2.838109
2.825651
2.835673
2.827197
2.830768
2.826619
2.886855
2.829667
2.829851
2.833387
2.873072
2.832613
2.82965
2.830577
2.82913
2.821791
2.87554
2.979694
3.389613
2.996842
2.953043
2.771368
2.85357
2.840458
2.836686
2.8265
2.834322
2.836101
2.826729
2.82513
2.832156
2.829318
2.83235
2.829441
2.823306
2.831471
2.8297
3.051045
3.221988
2.995347
2.921567
2.926281
2.877807
2.829242
3.053056
3.025245
2.835909
2.745939
2.767088
2.872077
2.829029
2.831298
2.941377
2.905441
2.907998
2.824612
2.901655
2.824164
2.830405
2.902767
2.831375
2.861862
2.836239
2.832847
2.899663
2.834879
2.830845
2.8356
2.828267
2.8284
====Merge Sort====
5.990647
6.094572
5.985572
5.977275
6.014496
5.982045
5.982897
6.134395
6.19006
6.059895
5.988789
5.989375
6.028648
5.993176
6.097625
5.993173
6.016104
5.984915
5.995233
6.15759
5.976643
6.010538
5.985511
6.058656
5.988993
5.992627
5.986431
5.988831
6.032928
5.985324
5.990245
5.995165
5.988078
5.978829
5.980036
5.98397
5.98291
6.051415
6.014676
5.980237
6.018411
5.98403
6.22523
5.924151
6.03987
5.981497
5.986299
5.979372
5.981727
5.986594
5.975923
5.979749
6.018038
6.019884
5.984193
5.981685
6.0176
6.095957
6.053778
5.997738
5.976662
6.106247
6.648771
6.629695
6.12637
5.99838
5.915307
5.973738
6.116537
5.986035
6.050953
6.06396
5.977677
6.304429
5.980646
6.049653
5.975658
6.016421
5.993441
5.98438
5.980306
5.982262
5.98046
5.976954
5.981087
5.971826
6.512314
5.968406
6.125596
5.98456
6.014559
6.013814
5.976117
6.01726
5.977533
5.979881
5.982295
5.975294
5.988078
5.985804
====Bubble Sort====
550.78681
561.784575
560.975221
565.321389
563.792964
558.97952
561.547051
560.231234
563.682739
558.277797
568.146542
566.174838
551.194651
572.975505
567.891894
564.287422
562.088617
568.068636
566.104464
573.055595
562.794708
574.381336
565.451488
569.51538
568.633222
561.26064
570.729402
571.850451
563.237077
560.717176
559.450828
565.651186
570.268746
567.162155
574.628957
562.504995
564.668213
565.077622
564.039257
565.424172
590.972566
733.445491
581.149391
568.577307
564.261448
568.442852
566.462528
568.43468
568.400768
567.024934
564.540288
561.218378
570.391704
562.394768
572.696214
586.495838
590.358783
594.110766
567.035709
565.400365
572.429993
560.485885
565.375237
563.942737
564.333298
561.84093
568.613689
561.812305
559.884188
569.556481
564.93443
560.816766
574.6484
560.644134
556.376276
564.013265
556.664965
561.800992
563.594588
563.131136
562.190341
560.240054
558.513673
552.594656
552.879976
562.103829
565.42322
562.602795
563.08569
563.546473
568.669465
560.486588
561.423197
563.91568
565.135556
562.136186
561.858994
568.357323
562.385402
561.242653
