====Quick Sort====
3.533851
3.314347
3.366207
81.562713
43.884987
2.683371
44.251985
2.678620
52.251495
97.258260
2.486628
2.564710
53.254774
2.603597
47.081967
2.575637
2.923264
2.757902
50.745887
57.985719
2.569250
2.528779
28.876951
103.743908
100.294739
33.161323
78.495733
2.503498
56.025489
2.439078
30.506822
2.447545
37.658500
68.768126
52.889157
39.577746
74.365500
3.077450
60.385262
2.450885
35.372127
49.320205
2.453437
46.198502
2.483834
43.965831
2.442045
2.442513
95.034982
65.103925
49.634808
2.427790
2.487506
23.753882
66.530166
2.628046
50.118115
2.475681
2.455831
50.807272
99.787312
34.386919
2.441023
2.429864
40.530552
2.475698
45.690397
2.425425
2.461106
64.913785
29.587317
2.438930
101.846808
2.489999
2.483050
2.410803
26.932280
88.726341
49.377783
2.457973
2.526417
50.929665
92.541201
2.510792
2.496690
62.067202
2.482173
2.471427
2.490217
2.500813
2.632970
90.817181
2.471337
53.997156
2.619011
2.497641
93.516727
46.845319
60.744830
31.869225
====Insertion Sort====
20.985910
21.100890
20.855335
22.198096
23.731633
34.231102
25.189536
21.314396
20.761773
21.083289
21.170432
21.437302
21.017793
21.148413
21.081892
20.881531
23.936033
22.961688
21.069719
20.843613
21.208685
22.325380
23.533587
21.553106
21.044037
22.057018
24.365573
24.124319
23.417343
24.106810
24.861336
24.076234
22.219109
21.614987
21.994419
21.081394
20.771558
20.812400
21.138321
20.651364
20.685482
21.107720
20.779804
22.916886
20.970758
21.049446
20.763751
21.684930
20.704683
22.108344
22.578210
21.569708
21.735244
21.556811
21.203699
20.906347
20.469182
22.063697
21.991056
20.937818
21.337847
20.901422
20.715846
20.704880
22.456025
21.028834
21.328830
21.208383
20.770050
21.026497
20.905704
21.150697
20.977138
22.621985
21.643438
21.540915
21.196553
21.033069
20.625272
21.234745
20.937304
21.454489
20.709374
20.741037
20.946652
21.672719
22.313472
21.068754
21.283450
20.892241
20.882489
20.899063
20.868426
20.850747
25.423987
21.609114
22.816867
21.486133
21.833373
21.497259
====Radix Sort====
1.052587
1.015293
1.015146
1.016116
0.977933
0.977665
0.978442
0.978656
0.983772
0.977656
0.979107
0.978706
0.977893
0.978333
0.978429
0.978184
0.975920
0.978347
0.976641
0.978569
0.977312
0.978636
0.979041
0.978129
0.977309
0.977648
1.032948
0.979582
0.977132
0.976978
0.974895
0.981334
0.978608
0.977596
0.978932
0.978201
0.980517
0.977366
0.979332
0.977948
0.978222
0.978151
0.977477
0.978041
0.978868
0.977353
0.980390
0.976695
0.977964
0.978462
0.979267
0.977610
0.976030
0.977352
0.977851
1.018823
0.977630
0.979389
0.978366
0.976776
0.978607
0.978300
0.977768
0.978782
0.979094
1.012006
1.015143
1.098402
1.041972
1.029127
0.977609
0.977220
0.976599
0.978422
0.978544
0.977181
0.977234
0.978312
0.979012
0.974777
0.977533
0.977291
0.976344
1.014084
0.977849
0.976951
0.975679
0.976825
0.978107
0.978561
0.976929
0.976382
0.977731
0.978085
0.978536
0.974855
0.976742
0.979384
0.977195
0.977415
====Merge Sort====
14.756770
7.308056
7.331401
7.318031
7.309755
7.351141
7.308974
7.306048
7.315892
7.321103
7.304843
7.304785
7.307971
7.303758
7.301971
7.529840
7.385447
7.325276
7.311641
7.312053
7.425723
7.362509
7.425085
8.451501
7.617730
7.650048
7.307120
7.382264
7.343461
7.488689
7.447306
7.337368
7.373854
7.343442
7.304822
7.313192
7.349466
7.314721
7.303492
7.428302
8.467830
7.757348
7.595381
7.512843
7.375807
7.457515
7.392453
7.589335
7.304650
7.409483
7.686873
7.394080
7.309829
7.301887
7.339691
7.307162
7.408602
7.309525
7.305868
7.302662
7.346294
7.341143
7.751891
7.306977
7.313703
7.305903
7.308975
7.525451
7.429205
7.315365
7.314479
7.325004
7.361951
7.454459
7.360955
7.345764
7.314179
7.308047
7.344587
7.309455
7.350216
7.348025
7.308923
7.313184
7.329813
7.503082
7.305928
7.301755
7.308083
7.313488
7.305355
7.315265
7.310614
7.318899
7.312164
7.313299
7.309517
7.310288
7.308700
7.309116
====Bubble Sort====
92.877513
87.007191
86.359495
86.727875
86.717064
86.579967
89.601562
89.966695
88.037801
88.171593
87.889831
89.553321
89.058545
89.771641
86.540747
85.962017
85.718504
89.450149
88.120726
87.556882
88.575820
87.719789
86.925364
89.533293
86.886022
86.315640
92.875922
90.409230
89.093733
91.872584
89.422744
87.166497
87.725050
89.836407
92.239045
87.719612
87.505987
87.669552
86.520524
88.042383
91.522845
89.733263
86.287894
87.157542
85.893496
88.847807
87.954075
89.446573
87.258458
86.994508
87.114301
88.442877
87.842710
87.284490
90.491155
86.564258
86.884220
89.739677
89.146758
89.807898
91.522026
92.285460
92.056602
91.807726
88.154380
87.224721
86.964394
88.396886
89.262089
87.762926
86.672823
88.474019
87.510353
87.364782
88.801772
88.674680
87.005633
87.428635
88.477407
89.419345
87.484159
96.425822
86.786296
86.284923
86.411175
89.264950
87.271485
87.051784
89.364035
91.660116
89.783548
88.783211
87.137552
86.753167
87.137403
89.654993
88.830712
87.644659
86.905354
87.463468
