====Quick Sort====
3.1444300001021475
0.6029470001813024
0.892354000126943
0.8528260001912713
0.40657799993641675
0.3877340001054108
0.38569099991582334
0.4234509998932481
0.41078600008040667
0.4105470001231879
0.40837599989026785
0.38372699986211956
0.37139500002376735
0.4121809999924153
0.38155599986203015
0.38035300001502037
0.384044999955222
0.38026900007389486
0.3697560001164675
0.35808899998664856
0.375624000094831
0.3650330000091344
0.403213000157848
0.3757670000195503
0.3488459999207407
0.362068000016734
0.4015440000221133
0.40891200001351535
0.38741500000469387
0.3978610001504421
0.38159499992616475
0.36247000005096197
0.3849249999038875
0.39759099995717406
0.39166299998760223
0.3897850001230836
0.3726150000002235
0.36852800007909536
0.3604150000028312
0.40103899990208447
0.38075200002640486
0.36425599991343915
0.3666220000013709
0.38705900008790195
0.35128799988888204
0.36454099998809397
0.3890249999240041
0.4108899999409914
0.3696089999284595
0.36032999982126057
0.355976999970153
0.3644379999022931
0.3934160000644624
0.37011600006371737
0.3692759999539703
0.4106960000935942
0.3990509998984635
0.404181000078097
0.3952430000063032
0.38296500011347234
0.4180060001090169
0.40065900003537536
0.3753569999244064
0.4161300000268966
0.41854400001466274
0.3710739999078214
0.38039600010961294
0.35856600012630224
0.4483409998938441
0.4004790000617504
0.37431100010871887
0.37335500004701316
0.3758920000400394
0.46986500010825694
0.4093130000401288
0.41729000001214445
0.36481800000183284
0.36187099991366267
0.3841099999845028
0.3969960000831634
0.3696490000002086
0.3865529999602586
0.3391060000285506
0.3642210001125932
0.3766390001401305
0.3835200001485646
0.3801370000001043
0.365811999887228
0.3496330000925809
0.4063869998790324
0.3596390001475811
0.34737499989569187
0.3087089997716248
0.3111839999910444
0.33864600001834333
0.32027700007893145
0.32896400010213256
0.32861800002865493
0.3217870001681149
0.3307819999754429
====Insertion Sort====
7.8247840001713485
5.448427000083029
6.937615999951959
5.291277999989688
5.13586900010705
5.1985379999969155
5.0528380000032485
4.827684000134468
4.415065000066534
4.353256999980658
4.224423999898136
4.349056999897584
4.239329000003636
4.014943999936804
4.042445000028238
4.052701999899
4.006327999988571
4.0415769999381155
4.018339000176638
4.048445000080392
4.027256000088528
4.055145000107586
4.104156000073999
4.22601699992083
5.026333999820054
4.733784999931231
4.756762000033632
4.499580999836326
4.431530999951065
4.401680000126362
4.522178000072017
4.371295999968424
4.543850000016391
4.706828000023961
4.23869700008072
4.249645000090823
4.468311999924481
4.339854000136256
4.214083000086248
4.212865999899805
4.602044000057504
4.885666999965906
4.635892000049353
4.659589999821037
4.461855000117794
4.222033999860287
4.387325000017881
4.488367999903858
4.297959000105038
4.221280999947339
4.469018999952823
4.22374299983494
4.326475000008941
4.217705999966711
4.649418999906629
4.1900490000844
4.372647000011057
4.300586000084877
4.757585999788716
4.75707900011912
4.567405999870971
4.435355999972671
4.388309000059962
4.2301390001084656
4.539835999952629
4.464013000018895
4.1327320002019405
4.563554000109434
4.363240000093356
4.23594900011085
4.328394999960437
4.545269999885932
4.084952000062913
4.231111999833956
4.351251000072807
4.240890999790281
4.048456000164151
4.150416000047699
4.350204999791458
4.290724999969825
4.1794119998812675
4.128464000066742
4.229590999893844
4.209794000023976
4.357473999960348
4.655397000024095
4.3853209998924285
4.171957999933511
4.263372999848798
4.3708049999549985
4.475815000012517
4.4943889998830855
4.3891310000326484
4.317911999998614
4.263223999878392
4.18035399983637
4.477366999955848
4.27651200001128
4.062939000083134
4.466639999998733
====Radix Sort====
3.9991079999599606
3.4002380000893027
7.978792000096291
0.5792640000581741
0.5243519998621196
0.4709330000914633
0.3048330000601709
0.2932270001620054
0.2926670000888407
0.29874300002120435
0.29756500013172626
0.29209300014190376
0.2895609999541193
0.30451399995945394
0.28786100004799664
0.2786210000049323
0.30827399995177984
0.30024500004947186
0.2856590000446886
0.30291300010867417
0.28457899997010827
0.28624700009822845
0.28278200002387166
0.2768419999629259
0.2774390000849962
0.2831840000580996
0.47544499998912215
0.2773049999959767
0.29248699988238513
0.2890210000332445
0.28404499986208975
0.27485800022259355
0.2760000000707805
0.27724700001999736
0.27676600008271635
0.2832110000308603
0.2733500001486391
0.38321899995207787
0.2838699999265373
0.28055499983020127
0.29156899987719953
0.2833600000012666
0.27172500011511147
0.272940999828279
0.2862410000525415
0.2789129999000579
0.28591500013135374
0.5106809998396784
0.28902000002563
0.29829600010998547
0.2851110000628978
0.2773450000677258
0.27969500003382564
0.36775700002908707
0.2726000000257045
0.3122870000079274
0.3103389998432249
0.27839400013908744
0.4720479999668896
0.28233599988743663
0.29142999998293817
0.28422500006854534
0.27214600006118417
0.27193099982105196
0.281108999857679
0.2726890000049025
0.27590900007635355
0.27099400013685226
0.2728799998294562
0.27586799999698997
0.2806149998214096
0.28023899998515844
0.2798510000575334
0.26408899994567037
0.2577060000039637
0.2608880000188947
0.2707630000077188
0.25874600000679493
0.2676579998806119
0.32769599999301136
0.25908099999651313
0.2688279999420047
0.2753820000216365
0.30251700012013316
0.27677699993364513
0.2638739999383688
0.25863400008529425
0.2584190000779927
0.3330149999819696
0.25753100006841123
0.37052499991841614
0.26406600000336766
0.26396699994802475
0.26403299998492
0.25909400009550154
0.2675900000613183
0.26010900014080107
0.2645380001049489
0.2573470000643283
0.2604050000663847
====Merge Sort====
7.927545999875292
3.6852780000772327
2.6009919999632984
2.1654359998647124
2.2583129999693483
1.8943859999999404
1.8138079999480397
1.4894679998978972
1.605023000156507
1.5267119999043643
1.4464950000401586
1.5064570000395179
1.4574269999284297
1.5574379998724908
1.4304750000592321
1.3792479999829084
1.5570960000623018
1.3928439998999238
1.491171000059694
1.4103290000930429
1.3582000001333654
1.4380749999545515
1.405674000037834
1.9349410000722855
1.4225469999946654
1.5155030000023544
2.0200989998411387
2.0209299998823553
1.7038290000054985
1.4090489998925477
1.4855010001920164
1.955007999902591
2.011774000013247
1.6864690000656992
1.4396640001796186
1.3351970000658184
1.3201029999181628
1.3115719999186695
1.427036999957636
1.3152389999013394
1.4550540000200272
1.4208309999667108
1.4146350000519305
1.4824939998798072
1.3890869999304414
1.3368929999414831
1.3125130000989884
1.3071149999741465
1.5246069999411702
1.3894040000159293
1.4335750001482666
1.3787470001261681
1.3499399998690933
1.3665349998045713
1.3141439999453723
1.3162409998476505
1.3083490000572056
1.3850370000582188
1.349830999970436
1.3540439999196678
1.3155249999836087
1.3460340001620352
1.4518029999453574
1.4148279998917133
1.3465229999274015
1.380998000036925
1.3627540001180023
1.600726000033319
1.3591420000884682
1.3105490000452846
1.3204719999339432
1.3124269999098033
1.4824550000485033
1.3854829999618232
1.3151189999189228
1.310693999985233
1.313281999900937
1.3919389999937266
1.3843270000070333
1.3618950000964105
1.3161539998836815
1.344446999952197
1.404508999781683
1.341939999954775
1.3586790000554174
1.3439289999660105
1.3023250000551343
1.4118309998884797
1.3979710000567138
1.3320840001106262
1.390093999914825
1.3435019999742508
1.4692599999252707
1.3469220001716167
1.310025000013411
1.3424440000671893
1.4940569999162108
1.7221510000526905
1.4502619998529553
1.3439799998886883
====Bubble Sort====
34.82095000008121
30.66610400006175
30.774139000102878
26.385993000119925
25.484995000064373
25.429097999818623
25.189439999870956
24.77058699983172
25.06831600004807
25.92775100003928
24.647937999805436
25.327023999998346
25.434026000089943
26.347764000063762
25.284448999911547
26.164298000046983
26.29315899987705
25.097417999990284
24.87772800005041
24.516926999902353
26.244761999929324
24.428360000019893
24.891412999946624
23.811974999960512
25.17927600000985
24.09962200000882
24.585115999914706
23.996593000134453
25.094580000033602
23.718596999999136
24.18989700009115
23.643756000092253
22.575931000057608
22.1815700000152
22.07440699986182
22.332384000066668
22.34690699982457
21.93211599998176
22.02993499999866
22.565005999989808
24.78561499994248
23.0071370000951
23.34526399988681
22.47806699993089
22.19173499988392
22.22765800007619
21.994026999920607
21.849958000006154
21.888783999951556
22.030835999874398
21.854416999965906
21.898186000064015
21.91501099988818
22.032666999846697
21.922291999915615
21.991894999984652
22.014264000114053
22.447459999937564
21.958486000075936
21.888979999814183
21.889671999961138
22.34229199984111
25.356489999918267
23.454606999875978
22.892030999995768
22.287755999946967
23.769767000107095
22.753342000069097
22.265320000005886
22.05651200003922
22.326689000008628
22.281832000007853
21.81012799986638
21.912256999872625
22.061348999850452
22.05150799988769
21.880729999858886
21.951097999932244
22.015775999985635
22.091985000064597
22.112198000075296
21.837455000029877
21.79145299992524
21.963754000142217
23.3156729999464
23.56593900010921
21.9693650000263
22.244008000008762
22.116795000154525
21.781762999948114
21.815321000060067
21.80332800000906
22.04999900003895
23.755175000056624
21.988518999889493
22.001103000016883
21.967179000144824
22.043998999986798
21.823761000065133
21.867315999930725