====Quick Sort====
3.032
2.713
2.748
3.011
2.72
2.662
2.535
2.879
2.329
2.466
2.614
2.572
2.571
2.753
2.461
2.517
2.495
2.567
2.3
2.427
2.534
2.187
2.103
2.065
1.966
2.003
1.905
1.875
1.901
1.956
1.917
1.915
1.951
1.952
1.884
1.914
1.953
2.127
2.128
2.234
2.336
2.34
1.996
2.173
2.137
1.994
1.971
1.895
1.94
2.119
1.895
1.964
1.82
1.911
1.904
1.855
2.058
2.273
2.407
2.636
2.231
2.177
2.037
2.142
2.285
2.4
2.019
1.958
1.952
2.2
1.896
2.03
1.976
2.132
1.926
2.002
1.857
1.917
1.917
1.967
2.121
1.975
1.931
2.152
2.682
2.264
1.966
1.894
1.811
1.983
2.078
2.026
1.99
1.865
1.941
1.902
1.922
1.821
1.874
1.923
====Insertion Sort====
64.682
63.317
66.274
63.608
67.115
66.026
65.833
65.022
63.964
71.212
78.89
80.343
73.128
67.09
78.244
63.667
63.121
64.268
64.272
66.987
64.96
66.05
65.698
67.066
68.644
67.149
65.14
66.063
63.528
63.742
65.057
65.11
64.306
67.012
67.105
65.403
71.566
75.591
67.722
66.857
70.837
70.127
67.379
66.466
66.063
68.46
69.95
66.018
67.781
65.964
64.412
64.063
64.55
62.627
63.773
77.092
71.526
73.729999999999
73.354
72.585
65.524
64.696000000001
65.209
67.894
66.888000000001
66.763
65.207
64.846
65.156
68.391
70.082999999999
68.726
107.03
85.456
76.588
73.112999999999
73.364
74.043
71.794
72.803
71.734999999999
75.982
72.131000000001
72.592
69.165
65.476
66.758999999999
65.017999999999
66.312
66.428
67.734000000001
67.383
65.955000000001
67.221
67.693999999999
66.411
68.093999999999
66.174
68.24
66.864
====Radix Sort====
2.4870000000004
2.2659999999997
2.2690000000001
2.2340000000005
2.4090000000001
2.3499999999999
2.3600000000004
2.4280000000001
2.4029999999993
2.256
2.2340000000005
2.3619999999998
2.3650000000002
2.3439999999999
2.4559999999996
2.2990000000007
2.2409999999997
2.3340000000003
2.2889999999993
2.2760000000002
2.3629999999999
2.3260000000001
2.23
2.427
2.4290000000002
2.3730000000004
2.4410000000001
2.3250000000008
2.319
2.4150000000001
2.3800000000005
2.2979999999997
2.3629999999999
2.2349999999998
2.2310000000001
2.345
2.2359999999999
2.2780000000004
2.5790000000008
2.3060000000008
2.237
2.3770000000001
2.2669999999998
2.2260000000003
2.408
2.3120000000008
2.2889999999993
2.4189999999997
2.427
2.3809999999997
2.4519999999999
2.313
2.4039999999994
2.4500000000005
2.4729999999993
2.3840000000002
3.1460000000001
2.408
2.4490000000004
2.4249999999997
2.3960000000001
2.3679999999997
2.4060000000006
2.3539999999995
2.3820000000008
2.2770000000003
2.3559999999998
2.3559999999998
2.3650000000002
2.2549999999999
2.4100000000002
2.3560000000007
2.3140000000001
2.3400000000002
2.3629999999999
2.4280000000001
2.3149999999994
2.3260000000001
3.1020000000002
2.4740000000003
2.3549999999997
2.2729999999997
2.4500000000005
2.3070000000001
2.2950000000002
2.3810000000006
2.5209999999998
2.3410000000004
2.478
2.3380000000008
2.2989999999998
2.3539999999995
2.4139999999999
2.389
2.3910000000003
2.338
2.2820000000001
2.3119999999999
2.2670000000007
2.4639999999998
====Merge Sort====
5.5709999999998
5.6089999999998
5.4449999999999
5.509
5.8689999999997
6.1940000000007
5.6370000000001
5.6560000000001
5.6789999999998
5.5680000000002
5.5320000000005
5.4970000000001
5.3619999999999
5.509
5.3150000000004
5.4759999999998
5.4309999999997
5.4650000000001
5.4690000000006
5.7169999999998
5.4620000000005
5.5110000000003
5.4480000000003
5.4420000000004
5.4859999999994
5.5079999999998
5.4939999999997
5.617
5.7599999999995
5.3530000000004
5.7270000000003
5.5259999999997
5.4670000000003
5.5779999999999
5.3890000000001
5.6250000000002
5.598
5.5249999999996
5.4510000000008
5.5949999999996
5.433
5.4379999999998
5.6099999999999
5.6470000000006
5.4049999999997
5.5319999999996
5.4720000000001
5.4810000000005
5.6579999999995
5.4810000000005
5.6029999999998
5.6929999999999
5.3200000000002
5.4620000000005
5.7459999999994
5.4379999999998
5.592
5.6500000000002
5.5269999999998
5.5680000000002
5.5830000000006
5.5399999999999
5.5599999999991
5.5240000000012
5.5689999999995
5.6140000000013
5.5540000000001
5.4600000000011
5.5329999999998
5.7039999999997
5.4060000000007
6.0489999999991
5.9170000000002
5.6539999999998
5.4490000000005
5.6360000000009
5.4690000000015
5.5959999999988
5.3199999999993
5.389000000001
5.3980000000013
6.3759999999995
6.1220000000013
5.7729999999996
5.6729999999998
5.6010000000004
5.6379999999994
5.571999999999
5.592
5.5459999999989
5.3929999999998
5.4819999999989
5.6949999999993
5.624000000001
5.4580000000009
5.6600000000007
5.7010000000002
5.5200000000006
5.5710000000015
5.5899999999998
====Bubble Sort====
250.648
254.332
256.187
253.734
251.959
273.266
267.305
259.868
258.185
281.399
268.572
282.316
263.434
252.438
253.385
252.569
253.416
255.918
254.425
255.442
254.709
264.802
265.878
265.767
257.514
255.626
253.595
254.549
253.734
256.383
254.739
254.211
257.803
256.489
257.766
259.29
258.075
257.853
257.841
260.315
260.878
255.711
259.583
261.154
258.423
260.135
257.439
261.455
257.106
258.953
259.234
262.666
261.472
262.242
263.969
260.327
261.484
262.504
262.398
259.839
261.011
259.917
264.039
262.712
263.44
268.972
276.889
281.815
266.751
267.275
263.959
266.741
261.453
260.546
259.888
261.493
263.875
261.753
261.168
261.557
263.119
262.671
262.952
280.847
277.951
281.744
273.164
288.036
269.252
276.244
270.76
282.298
328.469
274.259
292.438
269.625
281.712
277.802
283.581
270.64900000001
