====Quick Sort====
0.277504
0.265728
0.254464
7.085824
4.247552
0.230144
4.169728
0.231424
5.807872
10.690048
0.228352
0.227072
5.663488
0.23424
7.004416
0.247808
0.241664
0.245248
5.105152
5.955584
0.25216
0.239872
2.951936
10.523904
9.388288
2.764544
6.832384
0.191488
5.106688
0.200192
2.572288
0.196864
3.113984
6.112256
4.496384
3.45856
6.264832
0.20096
5.025024
0.184832
2.9056
4.224768
0.228352
3.652608
0.215808
3.929344
0.195072
0.206592
8.644864
6.011648
4.202496
0.198656
0.201984
1.93792
5.75616
0.195584
4.520704
0.227072
0.246784
4.492288
9.58208
2.853376
0.219648
0.196096
3.375616
0.1984
3.851008
0.194816
0.199936
5.683456
2.535168
0.212992
9.070336
0.198144
0.241664
0.1856
2.457344
8.352512
4.457472
0.207872
0.200448
4.466944
8.516608
0.232192
0.190464
5.589504
0.199168
0.196608
0.2048
0.200192
0.196864
7.926528
0.211968
4.861952
0.20352
0.20224
8.697856
4.177664
5.790464
2.565632
====Insertion Sort====
2.233344
2.17728
2.644224
2.171392
2.136064
2.139392
2.65216
2.234368
2.377472
2.257664
2.307328
2.203392
2.185216
2.232576
2.240512
2.240256
2.249984
2.26432
2.172672
2.222848
2.206976
2.219264
2.077696
2.135808
2.187008
2.128128
2.097664
2.075648
2.191616
2.120192
2.18112
2.199808
2.5216
2.210304
2.160896
2.193152
2.130432
2.376192
2.161408
2.563072
2.222336
2.254848
2.2016
2.255104
2.38848
2.18752
2.25664
2.232832
2.181376
2.196224
2.13376
2.136064
2.081792
2.136576
2.232832
2.0736
1.956608
2.039808
2.197504
2.179072
2.171904
2.32192
2.080512
2.2208
2.103552
2.014464
2.003968
2.298624
2.388992
2.313728
2.15424
2.377984
2.117888
2.104064
2.208768
2.372352
2.268928
2.195456
2.224896
2.214144
2.193152
2.47168
2.314496
2.23488
2.21312
2.083584
2.08128
2.112768
2.057984
2.098176
2.14912
2.085888
2.115072
2.111232
2.148352
2.114816
2.172416
2.08384
2.064128
1.998848
====Radix Sort====
0.308992
0.287744
0.28416
0.335616
0.358656
0.380416
0.291072
0.291584
0.32512
0.33152
0.3776
0.285184
0.290816
0.287744
0.293888
0.290816
0.288768
0.283648
0.29056
0.288
0.283648
0.29184
0.29184
0.284928
0.293376
0.288512
0.284928
0.283392
0.38656
0.306432
0.328448
0.284416
0.288256
0.323328
0.283904
0.284416
0.283392
0.287232
0.323072
0.283648
0.286976
0.322304
0.37376
0.295424
0.297472
0.289792
0.286976
0.283648
0.288512
0.286976
0.283648
0.286976
0.487936
0.283904
0.288512
0.286464
0.288512
0.286208
0.285184
0.288768
0.287744
0.283136
0.287744
0.286208
0.283904
0.286976
0.28672
0.282368
0.287744
0.285184
0.317952
0.28416
0.283136
0.287744
0.287232
0.423168
0.43904
0.283904
0.288512
0.321792
0.282368
0.287744
0.360192
0.283648
0.287488
0.297472
0.286464
0.321536
0.283392
0.286976
0.322048
0.283648
0.286208
0.317952
0.285184
0.286464
0.322816
0.319488
0.31232
0.427776
====Merge Sort====
0.372736
0.30464
0.311296
0.30208
0.310528
0.365568
0.3072
0.306688
0.30848
0.303104
0.310016
0.642816
0.310272
0.301312
0.310016
0.305408
0.302336
0.399616
0.302848
0.308992
0.3456
0.304384
0.448768
0.331264
0.313088
0.338944
0.308736
0.305664
0.304128
0.30976
0.34688
0.304128
0.310016
0.308992
0.512768
0.31744
0.325888
0.325632
0.302848
0.307712
0.30592
0.301568
0.308224
0.347392
0.30592
0.307456
0.572416
0.354048
0.303872
0.308992
0.342272
0.302336
0.305664
0.30336
0.3072
0.303872
0.302592
0.327168
0.461056
0.324608
0.342016
0.301824
0.302336
0.301312
0.307712
0.340736
0.30336
0.303616
0.338176
0.397056
0.370944
0.30208
0.353536
0.301056
0.305664
0.342016
0.299776
0.306176
0.300288
0.308736
0.304384
0.473088
0.328192
0.301056
0.30336
0.302336
0.29952
0.307968
0.302848
0.3008
0.306432
0.303616
0.319232
0.399104
0.304128
0.30592
0.31616
0.305664
0.353024
0.344832
====Bubble Sort====
14.036992
13.980928
14.486528
14.312192
13.983488
13.9072
13.891584
14.003712
14.49728
14.236416
14.27328
14.31808
14.860288
19.242752
15.143936
14.30144
15.8336
14.8416
14.541568
14.373888
14.738944
14.481408
14.103808
13.924864
14.097408
13.925888
14.149376
13.950208
14.11072
14.135296
13.946624
14.08
13.88416
14.00064
14.023168
13.942272
14.301696
14.104064
14.042624
14.16576
13.983744
14.338816
14.056704
13.925376
14.282752
14.677248
14.204672
14.165504
14.149376
14.009856
13.800192
14.149888
14.00576
14.189824
14.096384
14.17472
13.832192
14.053888
15.353088
14.56128
14.374912
14.267904
14.144512
14.302976
14.030848
14.10432
13.960448
14.271488
14.127872
14.442752
13.903616
14.26816
14.065152
14.053888
14.08768
14.159616
14.048512
14.117632
13.997312
14.05056
15.450624
14.477056
14.082048
14.3616
16.212992
14.194688
14.784256
15.60448
14.198272
14.00192
14.474496
14.154496
13.918976
13.955584
14.019328
14.082304
14.126336
14.121728
14.990336
14.232832
====Quick Sort====
0.24089599999999999902
0.24422399999999999665
0.23961599999999999566
7.2988160000000004146
4.0194559999999999178
0.25164799999999998281
4.240639999999999965
0.23859199999999999853
4.9175040000000000973
9.1893759999999993227
0.22067200000000000704
0.22041600000000000081
5.1860480000000004353
0.23552000000000000712
4.3466240000000002652
0.22118399999999999173
0.22195200000000001039
0.22118399999999999173
4.6558719999999995665
5.1586559999999996862
0.20812800000000000744
0.20505599999999998828
2.4130560000000000898
8.9136640000000006978
8.8857599999999994367
2.7217920000000002112
6.5717759999999998399
0.2022400000000000031
4.6182400000000001228
0.19635199999999999876
2.3825919999999998211
0.20275199999999998779
3.1680000000000001492
6.0106239999999999668
4.411392000000000202
3.17798399999999992
6.3616000000000001435
0.1879039999999999877
4.812287999999999677
0.17996799999999998909
3.0300159999999998206
3.9697919999999999874
0.18432000000000001161
3.7153279999999999639
0.18841600000000000015
3.6216319999999999624
0.18048000000000000154
0.18201600000000001112
8.0711680000000001201
5.286400000000000432
4.2339840000000004139
0.18406400000000000539
0.18380799999999999916
1.8152960000000000207
5.2897280000000002076
0.20070399999999999352
4.1553919999999999746
0.22860800000000000565
0.18150399999999999867
4.1582080000000001263
8.2122240000000008564
2.722815999999999903
0.21145600000000000507
0.20787200000000000122
3.3937919999999999199
0.18432000000000001161
3.5827200000000001268
0.20147200000000001219
0.19532800000000000162
5.491456000000000337
2.2530559999999999476
0.21836800000000000654
8.652032000000000167
0.18099199999999998623
0.18124799999999999245
0.176384000000000013
2.2886400000000000077
7.6147200000000001552
4.2076159999999998007
0.1968640000000000112
0.18534400000000000874
4.1300480000000003855
7.7811199999999995924
0.18534400000000000874
0.18073600000000000776
5.1658239999999997494
0.18099199999999998623
0.22246399999999999508
0.18406400000000000539
0.18508800000000000252
0.18278400000000000203
7.2942080000000002471
0.21555199999999999361
4.5762559999999998794
0.18380799999999999916
0.1879039999999999877
7.7872640000000004079
3.749887999999999888
5.0846720000000003026
2.3807999999999998053
====Insertion Sort====
2.2021120000000000694
2.2558720000000000994
2.196223999999999954
2.160127999999999826
2.0751360000000000916
2.0974080000000001611
2.4043519999999998227
2.1616640000000000299
2.0702720000000001122
2.106367999999999796
2.4814080000000000581
2.2159360000000001278
2.1432319999999998039
2.1811199999999999477
2.2940160000000000551
2.1665280000000000094
2.0549119999999998498
2.2561279999999999113
2.5259520000000001971
2.1058560000000001722
2.1107200000000001516
2.1483520000000000394
2.2755839999999998291
2.2133759999999997881
2.2110720000000001484
2.2763520000000001531
2.1434880000000000599
2.3406080000000000219
2.1803520000000000678
2.088703999999999894
2.0188160000000001659
2.1990400000000001057
2.3882240000000001245
2.2353920000000000456
2.1578240000000001864
2.2384640000000000093
2.249471999999999916
2.1314560000000000173
2.0725760000000001959
2.4363519999999998511
2.3447040000000001214
2.0725760000000001959
1.9893760000000000332
2.009088000000000207
2.0927999999999999936
2.3385600000000001941
2.2489599999999998481
2.2666240000000001942
2.7796479999999998967
2.249983999999999984
2.2036479999999998292
2.1672959999999998892
2.3813119999999998733
2.2021120000000000694
2.1926399999999999224
2.1662720000000001974
2.1196799999999997866
2.1954560000000000741
2.1478399999999999714
2.1447680000000000078
2.214399999999999924
2.2743039999999998813
2.2707199999999998496
2.3221759999999997959
2.3336960000000002147
2.2735360000000000014
2.2463999999999999524
2.2231040000000001911
2.2243840000000001389
2.2896640000000001436
2.2369279999999998054
2.205696000000000101
2.1726719999999999366
2.0638719999999999288
2.3096320000000001293
2.1603840000000000821
2.2287360000000000504
2.1491199999999999193
2.2351359999999997896
2.2443520000000001247
2.205184000000000033
2.1603840000000000821
2.1957119999999998861
2.1772800000000001042
2.1992959999999999177
2.0684800000000000963
2.3897599999999998843
2.2597119999999999429
2.1457920000000001437
2.1173760000000001469
2.0884480000000000821
2.2487040000000000362
2.1923840000000001105
2.3042560000000000819
2.2666240000000001942
2.6265600000000000058
2.4325120000000000076
2.4588800000000001766
2.4954879999999999285
2.3641600000000000392
====Radix Sort====
0.33920000000000000151
0.35839999999999999636
0.36889600000000000168
0.39526400000000000423
0.37401600000000001511
0.52736000000000005095
0.36684800000000000741
0.34457599999999999341
0.32153599999999998849
0.35430400000000000782
0.3187200000000000033
0.31462400000000001477
0.34432000000000001494
0.37299199999999999022
0.35942400000000002125
0.31436799999999998079
0.33203199999999999381
0.30873600000000001042
0.30694399999999999462
0.39270399999999999752
0.31052800000000002623
0.31129600000000001714
0.31334400000000001141
0.30617600000000000371
0.31846400000000002484
0.31129600000000001714
0.30617600000000000371
0.32793600000000000527
0.64358400000000004493
0.3517440000000000011
0.35686400000000001453
0.31820799999999999086
0.31001600000000001378
0.31487999999999999323
0.31359999999999998987
0.30566399999999999126
0.3125760000000000205
0.30924800000000002287
0.31667200000000000903
0.31206400000000000805
0.35865599999999997483
0.45823999999999998067
0.43878400000000000736
0.53939199999999998258
0.40063999999999999613
0.32665600000000000191
0.31359999999999998987
0.32435199999999997367
0.3223039999999999794
0.31539200000000000568
0.32128000000000001002
0.35583999999999998964
0.34688000000000002165
0.31334400000000001141
0.32051200000000001911
0.31590400000000001812
0.32358399999999998276
0.30950400000000000134
0.31206400000000000805
0.30719999999999997309
0.31283199999999999896
0.30438399999999998791
0.31180799999999997407
0.31155199999999999561
0.30643199999999998218
0.31180799999999997407
0.31513600000000002721
0.3169279999999999875
0.32204800000000000093
0.3054080000000000128
0.31129600000000001714
0.31027199999999999225
0.30515199999999997882
0.31206400000000000805
0.30438399999999998791
0.43366399999999999393
0.3125760000000000205
0.30438399999999998791
0.30387199999999997546
0.30464000000000002188
0.31001600000000001378
0.30899199999999998889
0.30592000000000002524
0.32384000000000001673
0.31180799999999997407
0.31129600000000001714
0.38348799999999999555
0.30592000000000002524
0.31206400000000000805
0.31052800000000002623
0.30566399999999999126
0.31027199999999999225
0.31308799999999997743
0.31180799999999997407
0.31027199999999999225
0.30592000000000002524
0.39475199999999999179
0.3169279999999999875
0.3312640000000000029
0.49561600000000000099
====Merge Sort====
0.39372800000000002241
0.33254400000000000626
0.34406399999999998096
0.3366399999999999948
0.32870399999999999618
0.33279999999999998472
0.33100800000000002443
0.34048000000000000487
0.35507199999999999873
0.33382400000000000961
0.33612799999999998235
0.6740479999999999805
0.39884799999999998033
0.39091199999999998171
0.33868799999999998906
0.32921600000000000863
0.33791999999999999815
0.32870399999999999618
0.34585599999999999676
0.33459200000000000053
0.33100800000000002443
0.33920000000000000151
0.38707200000000002715
0.44313599999999997436
0.38451200000000002044
0.35583999999999998964
0.33715200000000000724
0.33817599999999997662
0.33228799999999997228
0.32768000000000002681
0.34304000000000001158
0.33407999999999998808
0.34099200000000001731
0.33561600000000002542
0.65382399999999996076
0.38476799999999999891
0.33228799999999997228
0.3366399999999999948
0.33433600000000002206
0.33894400000000002304
0.33382400000000000961
0.33868799999999998906
0.33894400000000002304
0.33075199999999999045
0.34048000000000000487
0.33459200000000000053
0.5964800000000000102
0.33151999999999998137
0.34380800000000000249
0.3366399999999999948
0.33996799999999999242
0.37759999999999999121
0.32998399999999999954
0.33740799999999998571
0.33740799999999998571
0.32793600000000000527
0.33689599999999997326
0.32972800000000002107
0.58367999999999997662
0.3312640000000000029
0.33791999999999999815
0.34073599999999998333
0.33715200000000000724
0.33254400000000000626
0.32921600000000000863
0.33433600000000002206
0.33484799999999997899
0.33510400000000001297
0.33254400000000000626
0.43878400000000000736
0.40294400000000002438
0.352768000000000026
0.33612799999999998235
0.34611199999999997523
0.33791999999999999815
0.33689599999999997326
0.33023999999999997801
0.39295999999999997598
0.33484799999999997899
0.34508800000000000585
0.62719999999999997975
0.74751999999999996227
0.39372800000000002241
0.32895999999999997465
0.33433600000000002206
0.33587200000000000388
0.33331199999999999717
0.33382400000000000961
0.33100800000000002443
0.33510400000000001297
0.33715200000000000724
0.33254400000000000626
0.33868799999999998906
0.42393599999999997952
0.33535999999999999144
0.32768000000000002681
0.35327999999999998293
0.32768000000000002681
0.33433600000000002206
0.33049600000000001199
====Bubble Sort====
15.828991999999999507
16.740608000000001709
15.836672000000000082
16.335104000000001179
16.402944000000001523
15.737856000000000734
16.015104000000000894
16.638463999999999032
15.758335999999999899
15.76780800000000049
16.288256000000000512
15.335423999999999722
15.433728000000000335
16.615424000000000859
16.483071999999999946
15.458047999999999789
16.030207999999998236
15.888640000000000541
15.45190400000000075
15.673087999999999909
15.469312000000000396
15.855104000000000752
15.677695999999999188
15.556096000000000146
15.722495999999999583
15.836672000000000082
15.344383999999999801
15.512320000000000775
15.476991999999999194
15.481856000000000506
15.76934400000000025
15.976960000000000051
16.126463999999998578
16.373504000000000502
16.222975999999999175
16.404735999999999763
16.323584000000000316
16.323071999999999804
16.435967999999999023
16.524799999999999045
16.270848000000000866
16.946176000000001238
16.376319999999999766
16.259328000000000003
17.124863999999998754
15.460352000000000317
14.806015999999999622
14.219519999999999271
14.803456000000000614
14.120703999999999922
14.128384000000000498
14.203647999999999385
13.966079999999999828
14.094336000000000197
14.125567999999999458
14.050815999999999306
13.803264000000000422
14.483200000000000074
14.027520000000000877
14.103552000000000533
13.955840000000000245
14.066687999999999192
13.832703999999999667
13.994752000000000081
14.077951999999999799
14.429952000000000112
15.492352000000000345
14.348544000000000409
14.463231999999999644
14.202624000000000137
14.155008000000000479
15.128064000000000178
15.368959999999999511
16.323584000000000316
16.099840000000000373
15.097087999999999397
14.044416000000000011
14.089727999999999142
14.004479999999999151
14.042880000000000251
15.864575999999999567
15.025408000000000541
14.049279999999999546
16.023807999999998941
14.126336000000000226
13.972991999999999635
13.961472000000000548
14.007808000000000703
14.033151999999999404
14.024960000000000093
13.941760000000000375
14.105344000000000548
13.900287999999999755
14.609664000000000428
16.742912000000000461
14.571008000000000848
14.282752000000000336
14.005504000000000175
14.029567999999999373
14.534399999999999764
