====Quick Sort====
2.981079000979662
0.6179700009524822
0.9263619985431433
0.8662459999322891
0.41193499974906445
0.5676770005375147
0.6385079994797707
0.5841489993035793
0.42976400069892406
0.39999600127339363
0.4054739996790886
0.3855770006775856
0.38318500109016895
0.39760700054466724
0.368410000577569
0.3797740004956722
0.39339700154960155
0.36173499934375286
0.3872140012681484
0.3615049999207258
0.38382199965417385
0.37794800102710724
0.43437400087714195
0.383117001503706
0.3741729985922575
0.3480379991233349
0.40085500106215477
0.3683870006352663
0.37897999957203865
0.3994610011577606
0.3928779996931553
0.5555939991027117
0.4699780009686947
0.38248199969530106
0.38058399967849255
0.3853890001773834
0.3866149988025427
0.3987479992210865
0.3600730001926422
0.4269779995083809
0.3786120004951954
0.3923039995133877
0.37190300039947033
0.412729999050498
0.3887660000473261
0.3628419991582632
0.3618310000747442
0.37146699987351894
0.38733600080013275
0.36086099967360497
0.3594330009073019
0.36608000099658966
0.3840979989618063
0.38221099972724915
0.3648850005120039
0.39320600032806396
0.36429000087082386
0.3730100002139807
0.39719999954104424
0.4146139994263649
0.3790070004761219
0.3960410002619028
0.3701479993760586
0.4238649997860193
0.5672449991106987
0.5184309985488653
0.6130810007452965
0.38682499900460243
0.36771799996495247
0.37516000121831894
0.37461999990046024
0.3392820004373789
0.36088799871504307
0.38045299984514713
0.35988299921154976
0.3713789992034435
0.3339130003005266
0.33623099885880947
0.35703999921679497
0.343232998624444
0.3281779997050762
0.335207000374794
0.30463000014424324
0.3277560006827116
0.40334699861705303
0.4791250005364418
0.6140650007873774
0.4377350006252527
0.34729299880564213
0.3834099993109703
0.34216300025582314
0.34193800017237663
0.3294559996575117
0.3252840004861355
0.35265399888157845
0.31533899903297424
0.34114699997007847
0.3308229986578226
0.3180269990116358
0.4287129994481802
====Insertion Sort====
7.43741500005126
4.609900999814272
5.84307200089097
4.250243999063969
4.073379999026656
4.040503000840545
4.250736000016332
4.073363000527024
4.009213998913765
4.051627000793815
4.005517998710275
4.125019000843167
4.400239000096917
4.1001229993999
4.016530001536012
4.1156379990279675
4.059894999489188
4.008240999653935
4.0088109988719225
4.042666999623179
4.017886001616716
4.051696000620723
4.054125001654029
4.020600998774171
4.02390200085938
4.0297429990023375
4.107048999518156
4.010855000466108
4.014663999900222
4.01295000128448
4.038282999768853
4.079924000427127
4.015600999817252
4.055198000743985
4.006543001160026
4.024508001282811
4.014069000259042
4.05719400011003
4.014526998624206
4.0651450008153915
4.010306999087334
4.278219001367688
4.081896999850869
4.005828998982906
4.112439999356866
4.013902999460697
4.480146000161767
4.794201999902725
4.581702999770641
4.40501599945128
4.774148000404239
4.806787000969052
4.593563001602888
4.5197739992290735
4.8061859998852015
4.516611998900771
4.719175999984145
4.550829000771046
6.138237999752164
4.729472000151873
5.066358000040054
4.467194000259042
4.677281999960542
4.692801998928189
4.497973000630736
4.565712999552488
4.611957000568509
4.718602001667023
4.560184000059962
4.684921998530626
5.003149999305606
4.526972999796271
4.2414440009742975
4.721230000257492
4.6335470005869865
4.652595000341535
4.593035001307726
4.913261000066996
4.59906099922955
4.899404998868704
4.774692999199033
4.5554130002856255
4.409072000533342
4.501610999926925
4.823509000241756
4.491049000993371
4.4640580005943775
4.819126000627875
4.602652000263333
4.330173999071121
4.5461409986019135
4.812586000189185
4.372324999421835
4.503979999572039
5.004747999832034
4.471431000158191
4.328125
5.137519000098109
5.042129999026656
4.579881999641657
====Radix Sort====
3.8223379999399185
3.435087999328971
8.036865999922156
0.8090230002999306
0.4752259999513626
0.32227000035345554
0.30153200030326843
0.31834799982607365
0.3083900008350611
0.29293799959123135
0.3003219999372959
0.28747399896383286
0.28491600044071674
0.8636940009891987
0.2861860003322363
0.291618999093771
0.28395599871873856
0.2870279997587204
0.2949550002813339
0.295992000028491
0.28364599868655205
0.2908740006387234
0.2768489997833967
0.3613310009241104
0.2716240007430315
0.3031689990311861
0.3165359999984503
0.37947299890220165
0.2794080004096031
0.32235199958086014
0.28785800002515316
0.5207310002297163
0.29410200007259846
0.2882950007915497
0.29316800087690353
0.28945899941027164
0.29715799912810326
0.2969990000128746
0.2777109984308481
0.27015599980950356
0.32018200121819973
0.2737869992852211
0.26999899931252
0.30316600017249584
0.3708199989050627
0.2937099989503622
0.2894649989902973
0.28799499943852425
0.3065949995070696
0.3346069995313883
0.33253599889576435
0.2797100003808737
0.3019689992070198
0.2896819990128279
0.9609420001506805
0.2927100006490946
0.31018299981951714
0.39253699965775013
0.2819609995931387
0.2997639998793602
0.2945370003581047
0.2854030001908541
0.315140999853611
0.30509999953210354
0.29310999996960163
0.39383500069379807
0.4388680011034012
0.3947170004248619
0.40142899937927723
0.393741000443697
0.44508299976587296
0.3882519993931055
0.4209830015897751
0.4855450000613928
0.4447969999164343
0.42399000003933907
0.5693629998713732
0.3190570008009672
0.3227639999240637
0.2971580009907484
0.296424999833107
0.2919709999114275
0.29014999978244305
0.34664000011980534
0.30230100080370903
0.29491000063717365
0.3024840001016855
0.46242599934339523
0.4408490005880594
0.39471299946308136
0.39051599986851215
0.4337900001555681
0.4256990011781454
0.3856940008699894
0.4396839998662472
0.4773880001157522
0.6188190001994371
0.5378029998391867
0.459927000105381
0.2929589990526438
5.879985999315977
3.2979840002954006
====Merge Sort====
2.1516950000077486
1.95452699996531
2.5918089989572763
2.011711999773979
2.025508999824524
1.5864540003240108
1.568332999944687
1.5150669999420643
1.4893339984118938
2.1299029998481274
1.504008000716567
1.7342940010130405
1.7334429994225502
1.512057000771165
1.5486599989235401
1.5031150002032518
1.7468090001493692
1.4920849986374378
1.4530419986695051
1.4204429984092712
1.4432079996913671
1.5082839988172054
1.507455999031663
1.5532510001212358
1.4885040000081062
1.7461319994181395
1.619429999962449
1.5157719999551773
1.493885999545455
1.4430229999125004
1.6072220001369715
1.4583369996398687
1.4081899989396334
1.4170149993151426
1.4631049986928701
1.6158530004322529
1.4302340000867844
1.4359860010445118
1.5141189992427826
1.4613810013979673
1.5740469992160797
1.4767349995672703
1.4535179995000362
1.458967998623848
1.5581790003925562
1.6636939998716116
1.4677009992301464
1.4158600009977818
1.4149329997599125
1.553184999153018
1.694124000146985
1.3836820013821125
1.3780469987541437
1.3759269993752241
1.3187269996851683
1.5644699987024069
1.5418999996036291
1.381002999842167
1.3995260000228882
1.3487520013004541
1.4067989997565746
1.65735400095582
1.3637929987162352
1.3554999995976686
1.3192209992557764
1.560403000563383
1.5668829996138811
1.374609999358654
1.3583870008587837
1.3645449988543987
1.5179120004177094
1.385640000924468
1.4614419993013144
1.3980919998139143
1.3494800012558699
1.6593840010464191
1.3878119997680187
1.5149189997464418
1.359426001086831
1.3970250003039837
1.5416550002992153
1.4106670003384352
1.416151998564601
1.4589460007846355
1.4560240004211664
1.6150230001658201
1.4626749996095896
1.4145940002053976
1.4637759998440742
1.3758719991892576
1.5524439997971058
1.3321719989180565
1.3190790005028248
1.3246679995208979
1.6329169999808073
1.5920970011502504
1.3681849986314774
1.320712000131607
====Bubble Sort====
24.667348999530077
28.424143999814987
24.835740000009537
23.147515000775456
22.40857999958098
22.96606400050223
22.350052999332547
22.10352800041437
23.54828399978578
23.25348199903965
22.610888998955488
21.982782000675797
22.023964999243617
21.743992999196053
22.234989998862147
21.790266999974847
22.3059620000422
21.98327000066638
22.034924998879433
22.089091999456286
21.843437999486923
21.92841700091958
22.14566699974239
23.007721999660134
23.866175999864936
23.49372399970889
22.808729000389576
24.517129000276327
25.887725999578834
26.552361000329256
28.757829999551177
28.37367399968207
26.363807000219822
26.734123000875115
25.015824999660254
24.771252000704408
24.953693000599742
24.76761099882424
23.976556001231074
24.353383000940084
24.970933999866247
24.88094300031662
25.04866300150752
24.871194999665022
25.04378999955952
24.83251000009477
25.066107999533415
24.723587999120355
24.562668999657035
31.01753200031817
30.28965000063181
28.71386699937284
29.67683100141585
24.770529000088573
24.910648999735713
24.505611998960376
25.174948999658227
24.060940999537706
24.729170000180602
23.798762999475002
22.733170999214053
21.8962420001626
22.05401600152254
22.176908999681473
22.564013000577688
21.9809059984982
23.939938999712467
24.46362500078976
26.20733399875462
28.99477900005877
29.37766099907458
35.52002499997616
32.89919999986887
24.172267999500036
22.288433000445366
21.750350998714566
22.91258000023663
25.378522999584675
23.956030000001192
22.11871499940753
21.763306999579072
21.872275000438094
21.837076000869274
22.195434000343084
22.006520999595523
21.741296000778675
22.36638200096786
22.718042999505997
21.73782300017774
21.77253100089729
21.891019999980927
21.73216100037098
22.286939000710845
21.827422000467777
21.8099860008806
21.85947199910879
22.042280999943614
23.003361999988556
21.77033600024879
21.83428399823606
