====Quick Sort====
17.0318799937377
15.5407569982344
17.5599020003574
1517.89581699995
827.084907999961
13.0480289953994
864.971618007985
14.789588007261
1050.07505998947
1921.75488299108
12.3153000022285
11.8845389952185
1115.96008299966
12.5702639925294
1020.10102599161
11.7377549904631
11.2106640008278
12.2063210001215
1023.21559999837
1198.59504001215
12.5594300043304
12.0948380063055
572.656352000195
2189.10771301307
2259.16620899807
677.661080000689
1750.80665800488
13.7478419928811
1231.2442179973
12.2839719988406
630.916062989854
12.9022370092571
807.996172996354
1575.83964499645
1167.85170999356
856.595104996813
1692.11204600288
12.5813839986222
1327.77575499495
12.9488609964028
773.562121001305
1123.39164198784
12.8306310070911
1007.96635399456
14.0491970087169
984.32899499312
13.1293279991951
12.4680800072383
2449.29537799908
1683.12440000591
1309.85517600493
13.6919460055651
15.2280109905405
535.922325012507
1657.3131900077
15.7399769959738
1284.76589699858
14.763323997613
14.6372669987613
1292.94722799386
2625.68653401104
793.565947999014
15.025896995212
14.3735649908194
1006.46264399984
15.2845109987538
1173.32758900011
13.8712580082938
15.8078359963838
1729.99303799588
715.426848008065
15.4542649979703
2649.46657100518
15.8315890002996
15.0007640040712
13.9767229993595
623.145144010778
2540.91622300621
1256.77055300912
14.3665680079721
14.5447870017961
1283.37324599852
2400.00336999947
13.7681030028034
15.1001920021372
2655.93007300049
26.8798059987603
37.8282359888544
28.0858740006806
27.874385996256
23.898558007204
3235.00508000143
17.0847199915443
1405.29593700194
15.0644469977124
14.7292589972494
2539.46735600766
1595.41573699971
1865.87433201203
749.994486992364
====Insertion Sort====
459.618064996903
487.844213988865
475.944788006018
507.140666988562
497.62397800805
459.847379010171
459.443168001599
474.135197000578
440.623280999716
458.633326008567
478.783029990154
465.159514002153
457.87957101129
477.107046011952
494.032727001468
460.653462010669
472.399159989436
455.033046004246
455.067210990819
466.038424012368
458.060063989251
472.699309000745
474.693224998191
458.976541005541
463.537294999696
473.069697007304
467.252508999081
460.842610002146
475.417517009191
465.614590997575
462.620248988969
487.31363999832
465.904672004399
474.107069996535
481.765857999562
473.44230399176
460.862709005596
476.404589993763
459.576695007854
454.199159008567
499.68051900214
479.025086999172
456.363757999497
475.221964006778
453.861424000934
461.785965992021
474.526967009297
457.63270999305
460.395398986293
498.455296008615
449.960079000448
457.170500987559
481.385885010241
460.726741002873
464.496443993994
474.876811000286
446.858919007354
466.058155987412
470.264300995041
568.536682010745
793.592157002422
1348.2131500059
601.652773999376
507.455079001375
505.507802998181
476.788006999413
458.184913994046
484.865089994855
487.634845994762
565.979458988295
581.975371998851
629.455678994418
632.008903994574
634.107844001846
524.796045996482
610.653926996747
708.698766989983
783.662524001556
591.140071992413
609.886010992341
496.303050997085
471.750812997925
470.543809991796
453.392989002168
457.236241010833
465.609965001931
454.116404987872
454.736956002307
469.792759002303
443.86336900061
467.470229996252
472.477450995939
459.865657991031
457.024788993294
472.723009006586
453.554972991697
459.296857006848
478.340929999831
468.228893005289
470.822955001495
====Radix Sort====
15.3806979942601
14.3144199973904
13.4927530016284
13.0681750015356
13.8814200035995
19.0067430085037
28.5576870082878
23.1263500027126
16.1931259935955
14.3224320054287
14.4110580004053
14.6219049929641
14.3294040026376
14.4258090003859
14.5126650022576
14.3536449904786
14.5276949915569
14.5869300031336
14.5085969998036
14.4252269965364
14.3991310033016
13.8824120076606
13.9416839956539
13.947826999356
13.869036003598
13.9385569927981
13.9505730039673
13.9319929876365
13.9660769928014
13.9464050007518
13.955721995444
13.9353050035425
16.2781209946843
14.6004849957535
13.9653610094683
13.9385610091267
15.0923920009518
13.9557149959728
13.9538630028255
13.8771350029856
14.0535469981842
13.5061009932542
13.7114779936383
13.5216930066235
14.6543360024225
13.565272995038
13.6832420103019
13.5139909980353
13.4294169984059
13.5193339956459
13.5135970049305
13.4376149944728
13.5099749895744
13.488081007381
13.4267009998439
13.6194250080734
13.5040559980553
13.4306249965448
14.8321049928199
14.5754120021593
13.4532029915135
13.50188300421
13.7385929992888
16.830562002724
15.0655549950898
13.6274050018983
13.437725006952
13.6469959979877
13.5078099992825
13.4272910072468
13.5847409983398
13.9843619981548
13.4588189976057
13.5071340046125
13.5090099938679
13.4356429916807
13.5159909987124
13.5305669973604
13.4408000012627
13.5786509927129
13.4983839961933
13.924995000707
14.9395250045927
13.7498149997555
13.4704469965072
13.5077279992402
13.4893459908199
13.4240050101653
13.5139229969354
13.7685230001807
13.4751090081409
13.4995130065363
13.5784169979161
13.5117329919012
13.5852490057005
13.5132849973161
13.487232994521
13.5000250011217
13.5181420046138
13.036246993579
====Merge Sort====
25.7586420048028
24.2636780021712
25.6253150000703
25.5423850030638
24.6185209980467
24.3244259909261
24.5088189985836
24.3989299924579
24.5779899996705
24.3090790027054
24.8187620018143
24.2660439980682
24.8338179953862
24.5690809970256
24.5252960012294
24.4194300030358
23.8071439962368
23.6048109945841
23.9867859927472
23.9086279907497
23.9997140015475
23.6064269993221
23.7812380073592
23.6267889995361
23.9027610077756
23.6903509940021
24.1616429993883
23.6925290082581
23.8329479907406
23.5273410071386
23.7125130079221
23.5776890040142
23.7537849898217
23.9040580054279
23.8538319972577
23.5471449996112
23.7557310028933
23.6300680116983
23.7918259954313
23.6356160021387
23.7631899944972
22.9119889991125
23.1377889867872
22.9444569995394
23.147430998506
22.9137670103228
23.2060039998032
22.9650370019954
23.2866590085905
22.9467589961132
23.139267010265
22.965757001657
23.1017350015463
22.9206270014402
23.1258030107711
22.9219269967871
23.2173429976683
22.918386006495
23.4902819938725
23.8120750000235
23.8404519914184
23.6405260075117
23.8843730039662
23.6994369915919
23.9584289956838
23.6263010010589
23.818449000828
23.6514659918612
23.1389239925193
22.8852800064487
23.0816349940142
22.9240839980775
23.2225399959134
22.9826289869379
23.0478760058759
22.8666760085616
23.0955409933813
22.9343900136882
23.0978229956236
23.008165997453
23.2209079986205
22.9132030071924
23.1852940050885
22.9431580082746
23.238437002874
22.8963370027486
23.0436590063618
22.9403680132236
23.2889039907604
22.9563189932378
23.1988369923783
22.9507830081275
23.0587459955132
22.9412129992852
23.1402819918003
23.4571720066015
23.8940359995468
23.6163600056898
24.0296410047449
23.593621008331
====Bubble Sort====
2435.61653500365
2415.94233099022
2430.56212899683
2395.07630700245
2393.69045999774
3673.52157000278
2493.01533200196
2397.388546
2540.52499499812
2937.42673301313
2386.52054700651
2453.40327100712
2466.59895298944
2499.65466700087
2407.8541790077
2365.57247000746
2363.2529059978
2471.12540899252
2390.34028700553
2378.63777400344
2448.12649299274
2589.50527799607
2522.46476900473
2480.24438800348
2392.78269199713
2417.45118200197
2487.92794698966
2421.90810700413
2408.07082400715
2476.27869099961
2419.10965599527
2469.98080900812
3487.17633700289
2431.48567400931
2457.86359699559
2497.6207800064
2585.40891901066
2438.54715599446
2474.36362200824
2453.73249299882
2458.006536006
2544.59519499505
2416.56505900028
2433.05873099598
2473.077105009
2443.93262200174
2505.45203099318
2545.29055499006
2500.92737200612
2490.91603299894
2580.75939700939
2450.21225800156
2499.55020799825
2509.3697150005
2541.83508400456
2501.74646200321
2574.61952100857
2528.30996300327
2548.1518250017
2545.51572099444
2529.04038899578
2578.69055500487
2618.43383499945
2582.98606600147
2580.21495700814
2596.79757698905
2565.28068700572
2533.42400799738
4243.99696300679
2551.37176100106
2489.92965799698
2859.42028200952
2550.54339299386
2490.80795099144
2530.86174100463
2487.82029499125
2537.36263299652
2624.97379998968
2556.65318100364
2622.94578099682
2608.80532499868
2575.09001500148
2542.85383500974
2560.94759600819
2561.95846600167
2763.26330300071
4745.02448301064
2829.50953199179
2578.02755798912
2940.93368899485
2850.98588500114
2604.65953600942
2609.03406899888
2560.07776799379
2617.9522589955
2613.22746801306
2570.15904699801
2633.07561200054
2674.78131000826
2625.73851599882
