====Quick Sort====
6.250982
6.762726
9.529183
944.350277
513.506382
5.398462
517.385438
5.217348
581.571805
1209.57032
5.224936
5.173653
622.442268
5.307228
532.811705
5.001622
5.088778
5.436394
567.691344
675.43107
5.446084
5.981171
344.825499
1249.44879
1389.444603
465.316993
979.033557
7.248632
690.198815
5.328268
338.259861
5.04807
432.644755
872.233308
644.395293
455.663728
988.26624
5.084289
712.340802
5.678293
418.468154
601.422675
5.359109
532.340236
5.622979
521.493494
5.284203
5.157891
1272.470252
874.347724
666.858131
5.180004
5.45934
255.513113
832.317229
5.866297
621.932817
5.210381
5.214243
632.713663
1330.231628
377.907878
4.831071
4.848378
464.852196
4.925897
562.596807
5.044706
5.346529
833.567274
337.298886
4.89524
1305.37883
5.538728
5.310477
5.030598
299.519499
1186.914142
620.093512
5.410958
5.264073
633.298293
1191.810486
4.81572
5.168129
787.992888
5.513427
5.308568
5.793405
5.803382
5.299035
1165.659947
5.317023
658.901138
5.264031
5.597638
1257.392722
588.11185
788.567892
359.825197
====Insertion Sort====
237.724732
241.452145
245.294272
237.412328
250.775875
240.941834
241.314031
239.670208
235.783241
237.784937
239.044941
242.769462
239.460926
240.717413
240.01674
236.92105
239.367656
235.96393
237.179166
231.622951
237.534825
238.261887
235.872042
235.20922
255.486742
233.752332
238.088569
236.190821
237.15283
235.388939
239.592947
237.922549
244.258254
236.264434
237.860945
235.512893
236.416363
231.917018
235.613609
289.773259
232.623803
235.23565
233.24351
233.303123
226.459548
232.061906
229.669978
231.436871
232.824466
292.141884
230.528961
232.185373
281.982402
236.337409
239.903818
233.945991
229.89171
237.018016
233.509975
232.641117
237.843263
230.680196
232.438033
229.959483
238.308994
234.695734
230.862522
231.871926
230.632118
233.014933
232.619867
234.12849
233.114457
228.016013
236.467928
229.010157
233.200916
234.291909
234.110363
238.592796
237.552529
235.83995
237.418226
239.977367
241.461304
238.688265
241.489429
237.992407
240.680702
234.238217
243.687315
240.030704
240.486304
238.722797
240.582159
242.282536
243.88459
256.772331
246.949469
242.022249
====Radix Sort====
4.339383
4.748484
4.723795
4.353795
4.553663
5.310071
4.973058
5.154126
5.42832
5.36264
5.388771
5.135908
5.126609
5.66536
5.178918
5.576442
4.923411
5.613439
5.511325
5.244004
6.134544
4.969419
5.023449
5.328731
5.222212
5.287656
5.14239
5.086178
5.405419
5.214354
5.76935
4.949394
5.193703
5.376091
5.416568
5.854616
4.983504
5.342432
5.233439
5.223606
5.851675
5.198857
5.680884
5.179164
5.470133
5.794501
5.294641
5.901215
5.082335
5.534106
5.294486
5.149393
5.225654
5.459244
5.336241
5.547374
5.170702
5.847042
5.071772
5.362228
5.704347
5.181835
5.829141
5.042508
5.27556
5.198059
5.172595
5.632296
5.18071
5.258302
5.293828
5.169898
5.774483
5.078253
5.444103
5.842232
5.216749
5.285401
4.910736
5.216276
5.056595
5.192036
4.984933
5.195519
5.574088
5.511871
5.359821
5.230652
4.903088
5.203252
5.312224
5.046118
5.018201
5.303519
5.219736
5.235341
4.923763
5.101539
5.11893
5.395109
====Merge Sort====
12.036949
12.409855
12.309616
12.081177
11.741264
12.118969
12.172768
13.074012
12.2112
11.607193
11.85078
15.743103
19.86151
20.007854
19.241501
16.887666
13.368558
11.945957
12.296453
12.082608
11.410355
11.811076
11.883351
11.711642
11.668558
11.568223
11.73492
11.799263
11.924295
11.438656
11.653885
11.649205
11.790925
11.530664
11.588841
11.613116
11.744488
11.807804
11.439777
11.561676
11.632822
11.770702
11.732238
11.896037
12.039945
12.072531
12.412611
12.137836
11.869183
12.139785
11.986121
12.153118
12.075272
11.794055
11.552215
11.938604
11.912412
11.58977
11.498638
11.737164
11.638915
11.889199
11.615202
11.509315
11.661425
11.891265
11.573206
11.6349
11.841518
11.872483
11.793349
11.515348
11.654714
11.890978
11.788475
11.607746
11.578495
11.676091
11.999505
16.482233
13.858076
12.270444
11.744537
12.152634
12.052587
12.072046
12.203589
11.807508
12.151347
11.952426
12.048555
12.285067
11.845017
12.122217
12.038171
12.155546
12.108303
11.977595
11.951707
12.08208
====Bubble Sort====
837.660686
967.725691
769.36989
739.914409
732.503254
725.37896
762.003132
746.692961
740.705914
735.261502
731.718521
772.173525
865.689558
859.523882
745.147148
732.596193
720.820415
734.656099
735.264309
750.545816
746.086839
743.159258
740.604623
743.316393
746.609812
738.376612
738.56035
742.765964
736.127756
745.075977
734.072163
736.873135
749.661718
740.079717
736.718891
734.806014
756.263967
732.78756
727.49678
736.244249
742.787031
750.044173
735.720002
749.682616
751.446308
819.448876
747.985389
729.848663
738.224715
741.092457
739.78326
726.707284
738.487368
727.948665
739.43695
741.578187
743.740091
737.228208
746.580577
734.161028
818.144901
744.495215
741.373114
751.065666
734.879453
735.766862
737.2646
734.194162
731.749574
768.002424
737.271422
755.790415
770.324279
741.180453
736.837409
739.613082
743.895913
745.261251
739.164483
740.469109
745.841712
750.648516
747.944353
734.285991
731.82317
730.644256
737.244569
749.196626
747.357775
743.165118
751.469236
744.176281
738.734935
748.291806
750.114472
747.941679
741.667867
746.404661
742.94949
752.66382
