====Quick Sort====
17.45902
12.289137
6.872517
408.130842
234.409609
3.370522
250.640852
3.246507
295.13602
528.480623
3.018183
2.854192
307.55434
3.100364
258.034713
2.918444
2.776895
2.977414
279.351841
329.431603
2.968721
2.900931
153.660475
574.003183
602.790003
184.689853
453.111158
3.238164
322.452827
3.002623
164.650897
3.302718
208.019894
419.520525
302.981202
222.515616
444.271341
2.881773
335.91105
2.995209
197.517876
281.177022
2.95367
253.44429
3.257695
244.972194
2.899198
2.799219
580.356603
389.132402
288.755561
2.795073
3.135857
121.410502
383.183843
3.159499
288.490276
3.012023
3.000798
295.507409
603.906164
178.837853
2.874577
2.747644
224.224388
3.055395
263.09519
2.822201
3.15118
386.245047
159.959857
2.890179
605.059731
3.167616
3.009538
2.82903
142.296526
543.875277
286.982934
3.064915
2.932307
296.982065
552.365883
3.522421
3.198952
372.769382
3.180715
2.976394
3.230774
3.281798
2.986621
545.330564
3.267068
316.264112
3.082806
3.00265
577.227639
275.03368
368.053461
173.925597
====Insertion Sort====
189.314899
192.158092
189.625524
204.293416
188.166554
195.714173
193.896716
194.471021
186.349072
192.240082
190.383863
193.011509
191.009757
190.41645
192.090893
190.498315
189.536649
189.07978
191.08995
188.972104
191.65037
194.716806
192.011442
193.54198
187.950613
191.975645
189.029114
187.872167
189.636839
189.721832
190.917235
193.137563
193.359026
191.874544
193.724705
193.616841
189.683437
191.96839
192.945767
191.649215
192.693343
195.163011
192.975254
193.761746
186.965179
202.176724
191.345706
194.349755
196.6693
193.834444
191.851326
194.334913
189.887826
191.874248
190.096845
190.152515
187.150748
195.012358
193.312728
189.992339
195.437817
191.393528
191.504089
190.659607
195.567446
195.822899
193.943773
197.241437
192.386661
194.33236
193.943971
195.192063
196.310843
192.731225
194.368521
193.461953
196.37327
196.294203
192.676658
197.520362
195.150656
195.046862
194.477098
189.497359
192.009038
188.781732
190.54955
194.015508
190.585313
186.672282
192.829332
192.63223
194.051708
192.456613
193.184184
192.015462
195.896729
195.513048
198.621853
196.252372
====Radix Sort====
2.925551
2.905555
2.898384
2.897229
2.902618
2.908796
2.908453
2.933751
2.968139
2.903046
2.899728
2.905335
2.943545
2.905559
2.900056
2.904869
2.902665
2.904118
2.939181
2.906861
2.898651
2.902171
2.903214
2.941158
2.912891
2.896949
2.898196
2.90401
2.89854
2.894713
2.918934
2.867804
2.943843
2.903499
2.905972
2.897345
2.91502
2.904193
2.902362
2.907186
2.87289
2.963835
2.903617
2.906476
2.909854
2.904074
2.898886
2.901195
2.87081
2.964137
2.893926
2.906002
2.910569
2.909281
2.90385
2.908846
2.871205
2.856762
2.950638
2.897637
2.897469
2.904305
2.90692
2.826006
2.968642
2.905094
2.905425
2.898178
2.933238
2.905628
2.902547
2.898922
2.916711
2.876656
2.918732
2.903221
2.914708
2.920869
2.921752
2.8979
2.897943
2.94469
2.902167
2.898425
2.908205
2.969393
2.875731
2.929119
2.904011
2.89707
2.904498
2.858888
2.923267
2.900284
2.908515
2.901933
2.921428
2.896811
2.897345
2.898024
====Merge Sort====
6.14325
6.162705
6.12868
6.126394
6.130965
6.131364
6.1601
6.278962
6.123665
6.160332
6.13794
6.170257
6.118892
6.110123
6.169977
6.140796
6.124687
6.133329
6.132963
6.171166
6.143353
6.130456
6.120418
6.133223
6.089717
6.135932
6.130762
6.132102
6.140859
6.168992
6.212585
6.178275
6.210331
6.116999
6.149934
6.208949
6.133346
6.14853
6.116687
6.140354
6.07976
6.159295
6.143463
6.085739
6.144801
6.122874
6.142031
6.129491
6.125152
6.135143
6.150585
6.136683
6.093411
6.132135
6.09092
6.130928
6.124815
6.125865
6.15323
6.123268
6.135205
6.132575
6.10357
6.133351
6.092147
6.143293
6.194223
6.091758
6.139415
6.129087
6.04146
6.181684
6.055627
6.163896
6.134609
6.048477
6.193296
6.134861
6.129383
6.135489
6.145937
6.147026
6.027212
6.202303
6.180423
6.10477
6.157957
6.182031
6.037075
6.184405
6.131947
6.162042
6.136337
6.065783
6.178932
6.126914
6.117487
6.147978
6.161421
6.110666
====Bubble Sort====
565.232444
564.39378
581.300763
590.473897
598.399815
646.829511
596.89984
602.545627
637.185751
620.746463
611.204176
649.073072
610.900294
585.951227
595.899671
567.183785
572.39316
636.964501
575.240849
572.002743
571.77604
620.070233
568.492932
572.735646
570.762254
569.594109
568.71402
573.466241
570.754057
575.247692
574.476727
564.086952
574.832734
599.811528
575.742956
568.100522
574.988857
571.097539
568.173265
572.258514
577.134131
575.805774
567.123489
567.588515
562.008186
570.021509
570.22497
566.557866
571.649954
565.614595
574.753534
563.964165
573.225498
566.999023
573.606903
563.001192
570.510452
570.628365
561.861569
564.412145
557.572887
556.486307
554.926446
565.31179
565.72157
564.28283
565.429689
555.467661
548.353693
567.031975
578.648015
559.903483
561.184202
557.118836
559.773638
559.084464
563.816655
562.857636
588.388069
580.495058
561.049166
560.816581
564.532303
555.68264
552.611966
562.024691
556.875866
559.839414
562.729795
555.931568
564.114334
565.820466
564.278122
555.004754
555.65786
553.749405
550.544211
555.582221
547.837131
554.970592
