====Quick Sort====
10.773525
9.260799
6.977378
832.279556
453.405621
5.498385
470.064951
5.662652
569.472674
1024.61251
4.981769
5.503882
590.101723
5.047888
515.194016
5.066347
5.309899
5.657991
558.27284
682.332869
5.204318
5.287403
322.293741
1212.403652
1279.704571
370.686241
964.942987
5.963012
676.08485
5.288751
339.729128
4.951889
420.803796
856.828665
623.979354
441.930414
915.159272
5.454969
699.847444
5.76964
399.095944
582.431422
5.24698
518.351235
5.720211
503.744755
4.852075
5.689729
1243.069859
820.665043
612.244485
4.805718
5.75112
247.589799
828.028274
5.468834
612.294207
6.043263
6.04471
621.746243
1310.285934
374.535947
5.113871
5.335637
463.505387
5.111056
544.712251
5.249161
5.519692
817.210023
344.53552
5.383951
1299.818164
5.438658
5.395466
5.198574
300.122536
1177.032366
621.162955
5.467021
5.300837
628.609941
1211.940888
5.327654
5.454994
802.252072
5.631294
5.353988
5.94799
5.925461
5.568585
1207.949991
5.698459
682.310311
5.506166
5.3568
1245.137693
583.162645
794.540388
363.680223
====Insertion Sort====
251.408205
254.502424
264.667325
252.689508
296.806882
257.026921
256.489149
250.698887
248.125744
249.508957
251.993099
253.768152
253.603096
253.816268
252.750256
250.448984
254.235718
247.81457
249.490054
246.633299
251.218623
251.325662
248.913118
249.375131
249.198489
247.753748
251.599873
248.308121
250.799241
249.705241
257.217781
251.462783
256.334531
250.012104
253.321759
254.744802
250.544444
246.411127
248.941204
245.506564
247.366862
251.244931
249.837474
249.013186
242.574562
249.943237
245.925422
246.932243
247.160439
246.801558
248.046
254.333516
257.629108
262.925169
263.757602
264.089274
257.35583
254.826947
261.187855
257.310717
263.526213
256.192448
259.587961
256.15296
264.566151
256.513442
261.266225
262.923848
259.156358
256.937511
263.088198
262.995419
261.704907
252.637766
264.96435
261.025466
264.577679
260.146373
258.031728
260.76158
258.923027
258.318385
259.055613
257.544837
260.823795
257.22297
255.139176
260.062417
254.980129
255.037726
257.994095
261.011577
256.712175
262.326824
264.120133
258.267234
258.302244
262.959733
265.788162
259.290444
====Radix Sort====
4.169452
4.469251
4.469161
4.774889
4.248753
4.311965
4.959175
4.736762
4.584657
4.834859
5.075654
4.543953
4.875649
4.99254
4.598154
5.021386
4.591858
4.807749
4.611361
4.858632
4.886929
5.080554
4.594266
4.783044
8.427334
8.591725
8.290556
8.660236
8.657902
7.934862
5.058391
8.098113
5.969636
5.699273
5.173226
4.982418
5.233063
5.655057
5.090925
5.163231
5.631931
5.355977
5.525941
5.094711
5.137455
5.358675
5.262037
5.58452
5.130093
5.631413
5.022306
5.24483
5.579588
5.129254
5.685093
4.956367
5.2425
5.522997
5.125626
5.178536
5.219981
5.124194
5.30036
5.072818
5.382439
5.023326
5.318442
5.578815
5.178103
5.501878
5.099201
5.230751
5.537517
5.206111
5.294251
5.271496
5.210722
5.329927
5.225694
5.478924
5.045209
5.250969
5.422174
5.077311
5.47193
5.055093
5.276671
5.182243
5.170226
5.681858
5.057265
5.250199
5.549187
5.414944
5.478724
5.160451
5.386497
5.541119
5.325243
5.523744
====Merge Sort====
10.883698
11.161406
11.046704
11.301405
11.053001
10.909193
11.130431
11.285151
11.098552
10.993729
11.109065
11.377287
11.176661
10.89251
10.858953
11.297608
11.108445
11.092432
10.974352
11.175821
10.805064
10.884765
10.696489
10.845835
10.469048
10.568739
11.053911
10.863949
10.620635
10.554502
10.737967
10.677433
10.732895
10.709283
10.959929
10.729279
10.679439
10.711201
10.8509
10.728315
11.045552
10.841802
10.977806
10.586392
10.609958
10.783836
10.845813
10.670408
10.652561
10.77786
10.683048
10.658113
10.821495
10.971178
10.601024
10.72363
10.781168
10.782116
10.66599
10.572054
10.901715
10.82939
10.457907
10.593378
10.675736
10.491355
10.520317
10.776942
10.809567
10.629534
10.581155
10.800894
10.612745
10.881437
10.620703
10.962058
10.631773
10.678329
10.7338
10.75345
10.640198
10.624922
10.883617
10.919745
10.535407
10.667423
10.843972
10.73812
10.993848
11.433737
11.451066
11.145815
10.821774
11.015207
11.093785
11.333785
11.07807
12.025551
11.151874
11.274872
====Bubble Sort====
929.036164
811.403994
803.570129
794.202505
797.077693
795.900461
824.305113
1271.060422
992.245895
821.940874
800.06813
812.196698
816.893713
818.034593
788.474294
792.958104
785.750964
822.805135
1052.174104
879.897573
809.93751
805.554437
797.960313
871.792529
803.88255
805.499438
804.920484
801.172503
799.1387
804.965006
806.452086
809.187107
817.059253
807.079184
813.302465
805.526039
815.010841
821.795592
808.984401
809.150544
809.723394
816.70057
800.581002
812.24639
807.614696
813.998602
805.70618
807.882592
820.900726
821.587664
819.157922
796.813354
805.860116
873.81838
953.468411
919.906189
849.465041
875.096828
964.603331
894.524401
887.070379
849.321209
822.400905
843.044749
840.187047
851.229274
858.207174
942.32147
984.755456
905.997157
836.353974
861.182305
893.061207
914.662072
905.622163
903.930145
869.82904
838.084909
842.13201
896.73413
932.681223
1021.412035
857.965983
812.069451
798.620642
801.652036
803.631502
800.926675
809.006733
810.692975
816.529209
810.824944
804.908064
802.585234
812.784736
801.248113
808.04756
816.111879
861.422828
855.94117
