====Quick Sort====
8.532181
2.774629
3.122946
105.194168
51.183842
0.807947
43.505335
0.805973
56.058258
98.315118
1.020763
0.931398
60.846078
0.710516
45.040099
0.990438
0.702524
0.727947
45.167004
55.699529
0.725726
0.731076
25.004547
104.502302
110.338418
30.557905
77.054668
0.855271
52.889398
0.686948
29.255551
0.699543
33.814102
77.574139
60.82777
35.41603
73.450023
0.69378
55.095773
0.700891
34.158979
45.803664
0.700195
44.809682
0.775149
40.253917
0.733644
0.684085
95.451344
62.526094
48.313435
0.702985
0.718598
19.832153
62.255863
0.779661
48.470844
0.728846
0.7562
48.241359
99.772493
29.129648
0.78772
0.755848
38.996424
0.887573
42.54908
0.678115
0.755553
64.117132
26.084591
0.715163
99.515609
0.709192
0.735185
0.670427
23.165821
88.877775
46.793573
0.745838
0.699314
48.685555
89.405065
0.723574
0.712634
62.373236
0.78309
0.698566
0.781636
0.779575
0.700664
88.575583
0.795873
50.925355
0.760627
0.739331
93.028435
44.027578
60.399928
27.828787
====Insertion Sort====
52.596608
23.945853
7.308777
7.282305
11.434312
7.289821
7.334862
7.295538
7.149121
7.328862
7.3301
7.449703
7.33855
9.809523
7.362699
7.408314
8.155694
14.02593
7.288619
7.22384
7.305507
7.429673
7.270174
7.309941
7.306861
7.268475
9.756894
7.332621
7.298539
7.370251
13.624657
7.406548
7.424482
7.379263
7.392435
7.310084
7.257
7.292897
7.29887
7.200182
7.27824
7.370836
7.249187
9.716513
7.089083
7.35369
7.223747
7.303101
7.23637
7.300452
7.16491
7.278114
7.314269
7.392903
7.295356
7.291608
9.474457
7.308273
7.264619
7.27101
9.795405
7.248629
7.254273
7.220118
7.411623
7.340957
7.311288
7.392417
7.256343
9.749441
7.43279
7.443126
7.355502
12.323278
7.316739
7.239237
7.318238
7.314508
7.243306
7.364853
7.28626
7.262688
9.630802
7.24226
7.300837
7.211473
13.453793
7.257915
7.260442
7.08025
7.36133
7.311887
8.079419
7.385042
7.390149
9.628029
7.326976
7.328036
7.377723
9.679496
====Radix Sort====
11.727231
11.253105
3.223448
3.199067
3.153612
3.110949
3.215903
3.207706
3.186461
3.147943
3.513804
3.10659
2.744046
2.689894
2.688304
2.639586
2.415236
2.436287
2.417972
2.429604
2.633669
2.438879
2.459656
1.288706
0.853668
0.97443
0.880376
0.85969
0.846506
0.857021
0.85893
0.851143
0.863392
0.916413
0.903365
0.977652
0.828747
0.911559
0.815248
1.095542
0.852902
0.751036
0.715701
0.707331
0.895377
0.731802
0.7287
0.72606
0.71406
0.772038
0.746898
0.723393
0.733688
0.732965
1.914882
0.789614
0.775861
0.797392
0.912107
0.788968
0.731131
0.722709
0.726673
0.882392
0.743449
0.743651
0.726915
0.717078
0.915341
0.798815
0.791426
0.766229
0.816432
0.734659
0.7229
0.723978
0.71404
0.816146
0.744086
0.729063
0.730403
0.723257
0.873901
0.737042
0.741375
0.775057
0.720941
0.848724
0.73184
0.731304
0.711981
0.71601
0.739683
0.756551
0.72822
0.717496
0.781771
0.743495
0.731677
0.740472
====Merge Sort====
10.3597
8.293762
4.394834
4.464303
4.291358
4.302583
2.459792
1.473507
1.335099
1.226598
1.231505
1.20679
1.324921
1.212346
1.200821
1.207862
1.21471
1.201745
1.205796
1.25924
1.255107
1.192936
1.204842
1.202709
1.309139
1.198114
1.200297
1.196434
1.256387
1.19084
1.19781
1.201381
1.23838
1.195333
1.192001
1.203097
1.243265
1.228999
1.188352
1.19559
1.203619
1.259175
1.193525
1.198053
1.204588
1.339995
1.199877
1.20856
1.207499
1.212693
1.201411
1.203418
1.1974
1.200534
1.19999
1.196691
1.236705
1.211333
1.234613
1.195927
1.234576
1.201993
1.263536
1.200795
1.202437
1.197893
1.327618
1.203184
1.194973
1.197716
1.203403
1.188143
1.193549
1.194534
1.204733
1.192778
1.190547
1.20177
1.206297
1.255167
1.195458
1.233737
1.201634
1.285071
1.196019
1.196967
1.205324
1.393961
1.287403
1.303638
1.295274
1.233849
1.186302
1.19138
1.200749
1.203826
1.214147
1.18923
1.233235
1.192181
====Bubble Sort====
93.569085
77.21213
78.81507
76.464433
77.7861
77.159683
77.595819
77.30946
79.961965
76.687544
78.67408
76.79034
76.101115
77.338796
75.960716
77.162342
78.684458
78.82345
80.444416
79.408645
76.86996
77.613849
77.315835
76.913557
77.748036
76.85601
77.30036
76.660858
77.851592
76.631715
76.498803
77.32867
76.451643
78.529202
81.36071
77.709117
76.692695
77.171348
76.138448
76.761528
77.236311
77.515758
76.705933
76.574846
77.009293
79.849879
78.460354
76.397651
77.243999
76.939217
76.71049
77.340054
76.171869
77.463467
77.231637
77.050735
77.466043
76.535457
77.557101
76.451379
77.404371
79.162199
77.669583
76.726081
78.059593
76.530925
81.972784
76.615166
76.314373
78.558004
76.360403
78.202857
77.509455
77.679599
75.928467
77.761419
80.588767
76.555494
77.021477
77.403696
80.078459
76.755751
77.983927
76.306751
78.004636
76.86828
79.061046
76.79236
76.256855
78.937699
76.602262
78.478463
76.355046
91.523177
76.640225
76.511332
77.474737
76.521025
77.442425
76.945233
