====Quick Sort====
293098690
181445630
441914252
188970819
3509566
200288141
4280886
3351210
191453539
139889615
163316874
342780568
2783725
2446297
155996097
2698925
171049900
2587491
93377243
2511210
2598708
2813567
179047306
3036830
203640016
379746860
2680491
221055131
2602602
90166117
2451162
2692301
2561006
2984151
209244801
3004090
146595979
2703491
234892754
173428035
2564459
115631773
2753257
116871620
180495147
2615037
279399488
2691773
176393583
143676940
204163269
2601599
2703807
279767060
4137623
4426274
167154903
451842474
4876209
196394997
4697391
5193414
419545150
362482027
2844489
2813888
2777394
2745846
3083925
203821483
2890085
2790443
2772679
81564633
2891298
224977592
81119501
2705320
118270454
210663390
129756633
2879504
141060885
190711530
3054545
244418370
169593655
185520523
316969342
153511202
2766847
146331861
108534708
167015159
2610127
190478583
110432364
214998642
124448030
2689128
====Insertion Sort====
74240483
66347793
70792094
64553208
76867265
69581030
74736119
65356695
79776480
67694182
71890275
66617734
170099882
123411868
109902956
115957606
116491179
106350622
112623360
102033098
109369352
112417253
112231214
107729964
110512940
113237627
106409428
100069024
104603136
106946006
106433094
101815919
67278044
64649923
68794896
64826028
66369352
64126637
68074540
61610893
68357125
64477603
68285190
65766066
69276154
65081721
69741871
66519766
71477422
65903171
67615591
65973744
67874627
65657897
70407733
64614145
68234336
66290660
69544038
66160922
68197662
66016737
70189679
64889479
69742508
63844501
70470986
63848468
69979672
64402359
69642519
66000306
70629718
65784591
70163814
66103021
69378224
67042331
69048761
66503830
71290449
64839857
70064202
66876015
73826724
64738094
70851572
65411386
72539764
68042312
70878446
63159374
70909451
63646726
71055370
65008194
72354474
64599666
73211186
65799867
====Radix Sort====
2154709
2171806
2356332
2433573
2644289
2501630
2502044
2558873
2604911
2584360
2521147
2439927
2442812
2407382
2342315
2346803
2293831
2350573
2566141
2433940
2469517
2383489
2369990
2355858
2389946
2360445
2363008
2316256
2285666
2270491
2276710
2251792
2199893
2208419
2204931
2368853
2576401
2591053
2474961
2504639
2518009
2589642
2575136
2439322
2437216
2389115
2363895
2421484
2359746
2360172
2453249
2599152
2418606
2403446
2351404
2323166
2276745
2275206
2283506
2243727
2212054
2201056
2200018
2194688
2176158
2136210
2140558
2143456
2141546
2341022
2523016
2470355
2347709
2456071
2553185
2482961
2487696
2429787
2375651
2354998
2356024
2282988
2277116
2271874
2406448
2406417
2350539
2347918
2289290
2274474
2282000
2270795
2231142
2226510
2217915
2221940
2142989
2134610
2144484
2135303
====Merge Sort====
4538752
4658311
4611331
4625744
5250565
5340311
4956192
4791339
4678409
4603143
5061231
4902945
4772649
4614687
4553091
4413211
4649315
4494746
4439895
4447698
4685681
4867240
4859286
5177807
5020972
4858319
4708620
4456903
4543458
4575271
4484191
4454238
4432800
4449746
4311161
4303563
4292057
4294320
4290509
4288763
4599913
4807985
4903948
4892940
4758994
5007545
4797558
4687583
4818845
4700240
4526804
4412158
4410207
4419699
4369078
4277428
4253696
4290354
4276185
4284771
4576396
4914260
4855111
4781488
4767729
4454878
4423791
4573505
4471034
4430814
4429457
4437584
4432371
4435496
4377860
4293421
4284272
4282932
4297083
4302596
4555734
5073533
4941067
4797215
4647156
4539023
4469406
4690601
4472432
4475052
4434090
4340125
4274971
4290914
4283020
4290280
4286437
4295371
4284584
4300041
====Bubble Sort====
262019539
313174973
311135896
314492053
334681808
323389218
318589878
317390273
296371877
301584589
309505709
310065307
315468231
315934365
320175088
329700983
326402500
404677034
354242656
334931570
332115004
348634190
339751476
346342795
344198905
336112028
311567543
310502241
311772569
317625167
327811424
333188957
331370631
337460050
333071766
337495194
342772551
338864539
341904422
339121868
342598116
339282651
345208202
339204822
307549381
319654872
313739061
329850440
323736886
330676499
328449047
334010101
334303343
335517783
332605355
335721195
338013550
343606610
338836370
341745227
344417483
346097461
316958059
316666185
316100608
327707034
321049197
330481082
329137056
332215442
329242529
335700083
339761895
340556462
338505606
337421097
337550683
342678833
341082407
337133121
343575587
339864799
345408674
338443713
339287619
338865365
344452106
343270419
334444385
312940851
315132501
314884298
336270864
325687942
330454559
328597567
332822618
331976511
307602108
301311713
